Temperature 2.5e+23
config,energy,magnetism
0,42,8
1,54,-10
2,34,14
3,74,2
4,30,0
5,74,-14
6,70,-6
7,10,16
8,34,-4
9,86,6
10,54,2
11,26,4
12,74,4
13,66,0
14,78,-8
15,42,14
16,50,4
17,34,-4
18,54,-12
19,66,4
20,26,8
21,70,2
22,42,-4
23,86,-8
24,18,22
25,66,2
26,38,-6
27,50,-6
28,42,-18
29,62,2
30,30,6
31,54,4
32,74,0
33,42,2
34,38,6
35,50,0
36,70,-2
37,50,10
38,74,6
39,66,2
40,70,0
41,26,2
42,38,-2
43,58,-6
44,66,2
45,82,4
46,50,4
47,54,6
48,54,10
49,38,-2
50,26,-4
51,62,10
52,22,0
53,38,-8
54,46,10
55,30,-2
56,90,6
57,2,-10
58,62,-8
59,74,8
60,70,2
61,54,0
62,78,0
63,58,-8
64,46,-10
65,78,-2
66,94,-8
67,38,-16
68,46,-2
69,54,-8
70,82,-6
71,66,-2
72,54,-10
73,66,6
74,38,6
75,62,0
76,74,22
77,34,4
78,50,-14
79,90,-12
80,66,0
81,78,-6
82,46,-14
83,70,-18
84,54,4
85,54,-12
86,6,-2
87,62,2
88,74,6
89,58,6
90,46,-18
91,50,-10
92,50,-4
93,86,8
94,58,-2
95,70,0
96,62,-2
97,34,2
98,26,2
99,50,-2
100,62,6
101,50,6
102,62,6
103,50,-8
104,54,-4
105,70,2
106,18,4
107,38,-10
108,14,-10
109,46,0
110,54,-4
111,30,2
112,50,0
113,18,-10
114,62,-12
115,42,-12
116,86,6
117,74,-12
118,74,-6
119,50,-2
120,30,2
121,58,-2
122,74,2
123,66,2
124,74,6
125,58,-4
126,30,2
127,50,0
128,46,-2
129,50,-8
130,50,14
131,50,4
132,74,4
133,66,-2
134,14,6
135,66,-16
136,66,2
137,74,6
138,14,10
139,66,-2
140,66,0
141,54,-2
142,74,8
143,62,14
144,70,-6
145,42,-6
146,66,-2
147,46,-16
148,70,2
149,66,6
150,62,-6
151,58,4
152,42,-6
153,62,16
154,70,-2
155,46,8
156,26,10
157,86,-4
158,90,4
159,30,12
160,46,-2
161,66,2
162,50,-14
163,54,6
164,70,2
165,54,2
166,58,0
167,26,-8
168,14,0
169,82,4
170,46,8
171,66,2
172,50,-2
173,62,-6
174,78,10
175,78,12
176,38,-10
177,38,4
178,42,0
179,54,-4
180,54,10
181,78,2
182,62,-6
183,26,-18
184,46,0
185,50,2
186,58,-2
187,42,-10
188,86,2
189,66,-2
190,26,-2
191,74,-12
192,50,12
193,46,6
194,98,-6
195,70,8
196,90,2
197,54,-8
198,78,14
199,62,6
200,26,-10
201,70,2
202,70,2
203,90,-4
204,74,0
205,42,-6
206,42,-8
207,94,-2
208,66,-12
209,46,-12
210,70,2
211,14,10
212,90,-6
213,50,-10
214,42,-8
215,58,6
216,54,-6
217,26,10
218,18,2
219,54,-6
220,46,-6
221,58,-6
222,50,-2
223,46,12
224,38,4
225,50,-2
226,54,-12
227,46,8
228,42,-2
229,46,6
230,62,-10
231,42,-2
232,42,-2
233,30,-6
234,42,-8
235,34,4
236,50,-6
237,38,2
238,18,-10
239,90,-4
240,34,14
241,50,-2
242,54,-6
243,54,-2
244,34,-12
245,66,-2
246,42,-10
247,70,-6
248,78,6
249,82,6
250,62,-8
251,70,-4
252,74,-2
253,78,-4
254,78,-4
255,70,-4
256,74,4
257,66,6
258,102,4
259,38,14
260,54,-10
261,26,-14
262,62,-4
263,66,4
264,62,10
265,70,-2
266,54,4
267,50,10
268,90,-4
269,66,0
270,54,-10
271,54,4
272,86,2
273,74,-8
274,70,8
275,50,8
276,90,2
277,42,-2
278,42,0
279,46,4
280,14,-8
281,38,0
282,74,-6
283,46,6
284,54,-4
285,38,2
286,18,2
287,66,2
288,62,-2
289,70,10
290,86,6
291,22,6
292,58,8
293,62,4
294,58,-4
295,82,0
296,50,6
297,74,6
298,38,0
299,38,-10
300,82,-6
301,22,16
302,30,-12
303,78,-2
304,58,-4
305,58,-8
306,62,-10
307,58,-6
308,50,-6
309,62,4
310,22,-16
311,98,-6
312,38,-8
313,34,22
314,70,-4
315,90,-4
316,70,0
317,38,2
318,54,10
319,82,2
320,22,0
321,38,-2
322,70,0
323,66,8
324,58,2
325,62,-6
326,54,-16
327,54,4
328,30,14
329,70,-10
330,54,-2
331,54,-2
332,30,-6
333,58,2
334,86,12
335,70,0
336,22,8
337,34,10
338,34,-14
339,82,-8
340,62,-2
341,66,6
342,54,4
343,58,-14
344,54,-2
345,50,10
346,74,8
347,62,0
348,42,6
349,50,6
350,86,6
351,54,0
352,66,6
353,30,-8
354,62,-10
355,30,10
356,42,2
357,14,-8
358,34,6
359,86,-2
360,82,0
361,34,2
362,66,-4
363,70,8
364,94,-2
365,74,-4
366,58,8
367,30,-4
368,38,10
369,42,-2
370,46,-8
371,42,-2
372,34,-28
373,78,-4
374,62,2
375,50,-2
376,86,-2
377,78,0
378,50,-4
379,82,4
380,58,0
381,42,-4
382,38,6
383,50,12
384,42,2
385,38,-4
386,42,2
387,34,20
388,54,-2
389,46,-8
390,78,10
391,50,6
392,42,-14
393,50,2
394,78,6
395,54,16
396,62,-14
397,70,0
398,46,-4
399,82,12
400,70,6
401,42,-8
402,50,14
403,74,2
404,62,6
405,58,-2
406,22,4
407,70,0
408,66,0
409,54,0
410,74,-6
411,74,8
412,54,6
413,74,10
414,70,2
415,66,-2
416,46,-2
417,70,6
418,58,4
419,78,-4
420,62,-4
421,86,0
422,38,-2
423,62,-6
424,74,-4
425,26,-14
426,66,6
427,34,-2
428,38,6
429,6,-10
430,54,-16
431,38,4
432,70,2
433,46,-2
434,50,-2
435,86,4
436,50,2
437,70,0
438,50,8
439,66,-2
440,-2,-8
441,54,4
442,30,-4
443,70,-10
444,38,-8
445,70,2
446,46,-4
447,82,0
448,46,4
449,62,-2
450,42,-18
451,22,-10
452,42,-16
453,34,0
454,90,-6
455,54,-8
456,58,-2
457,82,6
458,46,0
459,62,2
460,50,4
461,46,4
462,62,-4
463,46,2
464,50,4
465,38,4
466,66,-4
467,54,6
468,78,-2
469,62,2
470,50,6
471,54,-2
472,58,14
473,46,-6
474,50,6
475,62,8
476,38,6
477,42,4
478,26,-12
479,26,6
480,22,16
481,42,-4
482,26,-10
483,66,0
484,22,14
485,66,8
486,62,-2
487,62,-12
488,22,24
489,78,2
490,70,2
491,102,-6
492,34,4
493,50,-6
494,34,2
495,42,6
496,90,0
497,54,-6
498,50,-12
499,78,-2
500,34,4
501,50,-4
502,54,2
503,18,18
504,86,6
505,42,-6
506,86,10
507,54,2
508,34,-2
509,66,-4
510,86,-2
511,50,10
512,34,-4
513,86,10
514,50,14
515,54,-8
516,46,4
517,46,4
518,58,12
519,58,-10
520,62,2
521,62,4
522,46,-8
523,54,2
524,42,4
525,34,10
526,42,-10
527,34,2
528,34,-4
529,-6,-8
530,86,0
531,82,10
532,70,6
533,74,-2
534,34,16
535,62,4
536,54,-8
537,42,-4
538,46,-10
539,90,-4
540,86,-2
541,70,6
542,66,4
543,38,-2
544,50,2
545,58,-8
546,34,-4
547,66,4
548,58,-4
549,78,10
550,78,-12
551,34,10
552,34,12
553,86,-6
554,46,0
555,26,-8
556,30,4
557,94,-8
558,46,-12
559,58,8
560,54,-8
561,78,-2
562,62,0
563,70,-4
564,54,-2
565,34,-14
566,66,-2
567,66,6
568,38,6
569,46,-4
570,50,-4
571,70,2
572,50,-2
573,26,-4
574,46,2
575,78,-12
576,54,4
577,26,-8
578,54,2
579,46,2
580,70,-14
581,54,10
582,46,-12
583,50,6
584,42,-2
585,78,-2
586,26,10
587,42,-12
588,22,-4
589,94,8
590,46,10
591,50,4
592,82,-4
593,54,4
594,46,0
595,74,0
596,34,4
597,70,2
598,78,10
599,110,-8
600,54,4
601,34,-6
602,106,-4
603,30,6
604,62,-2
605,66,6
606,38,-14
607,70,-8
608,34,8
609,66,-6
610,62,0
611,26,0
612,34,-16
613,58,0
614,26,-14
615,58,6
616,46,10
617,54,4
618,34,2
619,38,-8
620,46,6
621,62,-6
622,78,4
623,54,8
624,38,-12
625,54,0
626,74,10
627,50,2
628,10,-4
629,54,4
630,30,-10
631,50,-2
632,54,-6
633,98,-2
634,46,-16
635,94,2
636,58,14
637,30,8
638,98,-8
639,46,-12
640,34,-12
641,66,-6
642,30,2
643,58,8
644,74,10
645,50,-4
646,78,10
647,50,8
648,50,10
649,78,-2
650,62,2
651,54,10
652,74,8
653,66,0
654,70,2
655,70,0
656,50,-2
657,30,12
658,58,0
659,42,6
660,54,4
661,54,-6
662,70,4
663,58,8
664,50,8
665,50,-4
666,30,-12
667,54,-14
668,74,-8
669,38,-4
670,10,-2
671,62,10
672,66,-10
673,50,10
674,62,8
675,50,6
676,42,2
677,66,4
678,66,-8
679,70,-10
680,54,-2
681,14,2
682,30,-2
683,66,10
684,70,-6
685,22,-2
686,70,16
687,58,-4
688,74,-4
689,62,-6
690,70,0
691,70,10
692,54,4
693,78,8
694,74,-2
695,42,12
696,86,12
697,38,-4
698,58,2
699,26,-6
700,38,6
701,38,8
702,70,12
703,30,6
704,54,0
705,38,-10
706,42,14
707,98,-4
708,42,10
709,54,0
710,50,-4
711,30,6
712,58,10
713,34,-4
714,38,-6
715,26,0
716,30,-4
717,78,-6
718,42,-16
719,54,10
720,90,12
721,42,0
722,58,8
723,78,-6
724,50,-8
725,70,0
726,106,-12
727,34,-12
728,58,2
729,42,-12
730,30,-12
731,54,-10
732,42,0
733,66,0
734,74,-6
735,26,-10
736,62,0
737,42,4
738,42,-12
739,86,12
740,58,0
741,50,8
742,66,-10
743,14,-14
744,62,2
745,42,4
746,34,-2
747,62,-14
748,94,-8
749,58,2
750,58,-12
751,38,-2
752,66,0
753,74,4
754,94,-12
755,70,4
756,62,0
757,38,14
758,42,-6
759,66,6
760,50,0
761,10,-2
762,30,-2
763,54,-4
764,62,2
765,14,22
766,46,-6
767,62,-4
768,66,0
769,74,2
770,46,2
771,50,14
772,58,2
773,54,2
774,42,0
775,74,2
776,82,-6
777,90,0
778,34,12
779,34,6
780,34,-10
781,62,2
782,42,6
783,34,2
784,66,4
785,26,10
786,70,-6
787,54,4
788,94,0
789,62,0
790,62,-12
791,58,-2
792,58,-6
793,66,4
794,62,0
795,66,16
796,78,2
797,90,12
798,30,-12
799,46,-6
800,82,0
801,62,-4
802,50,2
803,54,-4
804,26,2
805,46,-6
806,102,-2
807,82,2
808,22,2
809,78,4
810,54,-12
811,62,-2
812,38,-4
813,50,10
814,34,-2
815,62,0
816,58,8
817,98,0
818,30,2
819,30,0
820,74,-2
821,54,14
822,70,0
823,50,-6
824,14,-4
825,50,0
826,58,2
827,70,-10
828,50,2
829,46,4
830,34,6
831,86,-4
832,42,0
833,54,2
834,38,4
835,22,14
836,54,12
837,62,-4
838,90,6
839,54,-2
840,50,0
841,58,-4
842,50,6
843,82,-10
844,58,0
845,38,-2
846,66,6
847,42,6
848,50,0
849,82,-14
850,66,-4
851,74,-10
852,18,-8
853,46,6
854,34,-4
855,26,-2
856,90,4
857,66,6
858,78,4
859,34,-16
860,50,-12
861,74,8
862,58,10
863,70,-8
864,54,-4
865,42,-6
866,70,-6
867,54,-4
868,22,4
869,46,6
870,46,12
871,62,-4
872,54,2
873,58,-14
874,42,-12
875,58,6
876,50,0
877,50,14
878,46,2
879,66,-6
880,54,-6
881,74,4
882,42,-4
883,70,-10
884,54,2
885,38,2
886,14,-4
887,34,-10
888,70,-6
889,42,12
890,102,2
891,66,-8
892,50,16
893,58,-8
894,62,-2
895,62,6
896,58,0
897,58,-10
898,102,10
899,70,-8
900,42,-16
901,46,14
902,74,2
903,26,-6
904,58,10
905,82,8
906,54,-12
907,50,16
908,50,2
909,70,-10
910,54,-8
911,54,-6
912,70,-4
913,66,-2
914,6,-2
915,54,-10
916,50,4
917,70,-6
918,82,6
919,70,-6
920,50,8
921,58,4
922,82,10
923,34,-10
924,66,-6
925,62,-10
926,78,2
927,26,10
928,-10,-2
929,62,-8
930,54,-10
931,58,0
932,66,12
933,74,6
934,42,8
935,54,16
936,62,-8
937,46,4
938,94,10
939,82,2
940,66,12
941,78,-10
942,26,8
943,30,6
944,54,-6
945,54,4
946,58,12
947,70,10
948,74,-10
949,58,4
950,78,4
951,66,-12
952,70,-6
953,66,-8
954,38,14
955,82,-4
956,38,16
957,42,-2
958,50,-12
959,66,-4
960,58,4
961,38,2
962,62,0
963,26,6
964,66,8
965,82,0
966,74,0
967,54,2
968,74,0
969,34,0
970,38,8
971,46,-14
972,62,10
973,46,0
974,50,-2
975,54,2
976,82,-4
977,46,6
978,82,4
979,26,6
980,42,-2
981,70,-6
982,42,-6
983,90,-2
984,74,-8
985,54,6
986,110,4
987,58,14
988,94,-2
989,18,-14
990,78,4
991,66,2
992,86,-10
993,46,-8
994,66,-18
995,78,-6
996,42,2
997,58,-8
998,22,8
999,78,8
