Temperature 1e+24
config,energy,magnetism
0,-18,6
1,-6,-10
2,10,0
3,46,-14
4,38,-20
5,18,4
6,-14,10
7,66,-6
8,-2,2
9,46,-8
10,22,18
11,-14,12
12,-6,-6
13,-6,8
14,22,-10
15,46,0
16,14,-10
17,6,2
18,-18,-10
19,30,2
20,38,4
21,6,-4
22,42,-4
23,34,-12
24,18,24
25,2,4
26,-2,4
27,-10,-6
28,-2,4
29,-6,6
30,26,-8
31,58,-6
32,2,2
33,34,8
34,22,8
35,-2,14
36,62,2
37,26,0
38,6,12
39,30,-4
40,10,-8
41,26,0
42,-2,-4
43,-18,14
44,18,-2
45,42,2
46,42,4
47,-10,-4
48,22,0
49,10,-4
50,-2,8
51,30,-10
52,34,-6
53,6,-4
54,2,2
55,18,-6
56,34,4
57,6,4
58,22,-2
59,-14,0
60,34,2
61,34,-4
62,6,10
63,62,6
64,42,12
65,34,10
66,30,-4
67,34,10
68,14,12
69,-18,-6
70,30,-14
71,2,-2
72,-6,0
73,10,-2
74,-14,-8
75,14,-8
76,38,8
77,-26,-20
78,14,4
79,34,-10
80,-6,-8
81,6,-8
82,26,12
83,-18,2
84,-38,-26
85,34,-2
86,-6,0
87,-6,-12
88,-18,4
89,22,6
90,54,2
91,42,2
92,22,-10
93,30,2
94,2,8
95,6,-2
96,34,-12
97,-10,2
98,54,2
99,-2,6
100,26,2
101,10,-4
102,-10,2
103,-2,-6
104,46,-4
105,46,-2
106,-14,-8
107,-10,-16
108,34,-20
109,14,-10
110,-6,-6
111,-2,8
112,6,-12
113,14,-4
114,2,2
115,46,0
116,22,12
117,18,-14
118,-10,0
119,10,-2
120,22,2
121,26,-4
122,-38,4
123,38,-14
124,38,10
125,50,2
126,-22,-8
127,-6,-8
128,10,14
129,34,-12
130,30,8
131,2,0
132,10,-12
133,6,6
134,42,0
135,22,-16
136,2,-10
137,46,-2
138,46,2
139,-10,2
140,10,16
141,22,2
142,-6,-8
143,22,24
144,34,6
145,26,2
146,34,8
147,42,4
148,34,-4
149,-2,2
150,10,-16
151,18,10
152,2,-4
153,-2,-6
154,30,-8
155,14,4
156,18,0
157,18,-2
158,14,-6
159,10,8
160,30,-4
161,34,12
162,-18,16
163,14,2
164,-10,-2
165,46,22
166,-30,-6
167,-2,8
168,6,10
169,2,2
170,-14,16
171,34,-12
172,30,0
173,-6,-4
174,70,-2
175,38,0
176,18,-4
177,-30,0
178,6,-2
179,6,-8
180,-2,10
181,14,-10
182,-18,10
183,2,2
184,22,2
185,10,26
186,26,-12
187,-26,-4
188,18,-4
189,10,-18
190,-2,6
191,14,-12
192,38,6
193,22,2
194,-18,0
195,-10,-20
196,-10,8
197,38,-10
198,42,-6
199,58,4
200,18,8
201,6,-18
202,22,-14
203,38,12
204,6,16
205,-18,-8
206,26,-16
207,14,14
208,-10,-16
209,42,6
210,10,-10
211,-10,10
212,22,0
213,14,0
214,26,2
215,6,-2
216,30,-2
217,30,8
218,18,-2
219,10,10
220,-10,-12
221,-2,-14
222,14,-2
223,22,-20
224,18,6
225,38,12
226,62,6
227,30,10
228,-6,-4
229,-10,-16
230,22,6
231,30,8
232,-26,-12
233,10,2
234,22,-10
235,14,-10
236,6,12
237,-6,-8
238,6,8
239,74,-6
240,26,-2
241,14,0
242,22,-2
243,22,-16
244,2,8
245,10,0
246,86,0
247,6,-22
248,10,6
249,18,2
250,30,-2
251,-10,10
252,10,8
253,30,-8
254,18,10
255,30,16
256,18,10
257,10,2
258,14,2
259,14,6
260,-14,6
261,58,-6
262,42,0
263,30,-2
264,-2,12
265,30,6
266,-6,0
267,38,-8
268,10,-2
269,26,-20
270,-10,-18
271,18,0
272,34,4
273,-2,18
274,26,2
275,-6,2
276,-2,-8
277,-2,-20
278,34,0
279,10,-10
280,2,12
281,26,-8
282,18,8
283,2,-2
284,46,20
285,-22,2
286,14,-4
287,6,14
288,2,0
289,42,-10
290,-6,-14
291,14,0
292,-10,6
293,6,4
294,26,0
295,-6,-12
296,-10,-4
297,26,10
298,-18,-6
299,-22,-14
300,34,4
301,6,-26
302,10,2
303,-10,-4
304,34,-4
305,-18,-14
306,38,4
307,-10,6
308,46,2
309,-10,4
310,10,6
311,18,8
312,-14,8
313,-18,-6
314,30,10
315,-26,8
316,-6,-2
317,10,10
318,18,-8
319,22,-4
320,26,-6
321,30,0
322,10,4
323,18,2
324,14,-16
325,34,-6
326,30,-2
327,-6,-2
328,6,6
329,42,-4
330,-6,-10
331,-22,-4
332,14,12
333,-30,8
334,22,-6
335,22,-14
336,18,8
337,-2,18
338,22,6
339,6,-4
340,22,-12
341,14,12
342,-2,2
343,30,-8
344,14,-16
345,42,14
346,22,4
347,2,22
348,14,-6
349,58,-6
350,46,0
351,-22,16
352,6,8
353,-10,2
354,-6,-4
355,-26,-6
356,46,-18
357,42,4
358,14,6
359,10,-16
360,6,22
361,50,4
362,26,-6
363,10,-14
364,14,-10
365,14,2
366,-22,22
367,-22,-6
368,26,-8
369,18,12
370,-2,16
371,26,-4
372,38,2
373,2,10
374,6,-6
375,6,-6
376,-14,-20
377,-2,6
378,38,0
379,-18,0
380,30,8
381,46,12
382,-14,0
383,2,-6
384,26,-2
385,38,-10
386,26,8
387,-26,-10
388,34,4
389,-2,18
390,26,10
391,-2,-2
392,-10,10
393,2,8
394,10,2
395,18,2
396,18,6
397,-6,28
398,6,10
399,-6,-2
400,22,4
401,18,-8
402,34,-6
403,-10,-6
404,34,-2
405,14,-4
406,10,10
407,22,2
408,38,-8
409,18,18
410,38,-2
411,-2,2
412,-14,-12
413,22,-2
414,-14,-10
415,30,8
416,26,6
417,22,2
418,26,4
419,18,-14
420,2,-4
421,34,4
422,14,-2
423,10,0
424,22,-8
425,-10,6
426,18,-14
427,-30,-6
428,46,-12
429,22,-4
430,14,-10
431,22,-6
432,30,4
433,6,-12
434,42,-8
435,-2,16
436,10,-8
437,14,6
438,6,6
439,30,-8
440,2,-16
441,38,4
442,22,-8
443,-18,-6
444,14,-14
445,22,-20
446,10,12
447,30,-4
448,42,0
449,-14,14
450,18,-16
451,10,6
452,2,12
453,-6,8
454,58,6
455,38,-4
456,6,14
457,-10,-12
458,10,-2
459,22,-8
460,-18,-26
461,38,0
462,2,-2
463,-2,8
464,-6,6
465,38,6
466,6,6
467,26,-4
468,50,18
469,6,2
470,38,-22
471,-42,8
472,14,-8
473,14,10
474,46,10
475,10,-8
476,26,-4
477,-34,-10
478,2,-10
479,-6,-10
480,-2,-18
481,10,-4
482,-26,-14
483,14,6
484,-26,8
485,50,2
486,34,2
487,-2,12
488,-10,-20
489,22,-12
490,14,6
491,54,-4
492,6,0
493,10,8
494,34,6
495,14,8
496,-2,-2
497,22,-16
498,14,-10
499,38,-10
500,6,-6
501,-10,2
502,26,-18
503,14,12
504,10,0
505,2,0
506,2,22
507,-6,-12
508,-2,-2
509,42,-10
510,-10,0
511,6,-12
512,14,-2
513,42,2
514,6,12
515,34,-4
516,30,-16
517,18,14
518,6,4
519,18,-10
520,34,12
521,2,-2
522,22,-8
523,22,8
524,26,-4
525,2,-6
526,46,-4
527,-14,-4
528,-6,6
529,-2,12
530,30,-8
531,10,8
532,18,-8
533,-10,-14
534,-6,20
535,30,0
536,46,-8
537,22,-6
538,46,-6
539,-6,-8
540,18,0
541,14,20
542,-14,-6
543,14,-6
544,-2,-6
545,-46,10
546,10,2
547,22,-2
548,22,-12
549,10,-8
550,18,-6
551,2,12
552,-26,-2
553,42,-4
554,22,14
555,2,4
556,38,4
557,14,-14
558,-2,-2
559,2,10
560,26,18
561,18,4
562,-2,6
563,14,4
564,-2,-6
565,34,-14
566,-6,-8
567,-2,-14
568,10,12
569,18,6
570,6,0
571,22,-4
572,-6,6
573,10,14
574,26,-14
575,30,14
576,-6,14
577,2,16
578,22,10
579,18,-6
580,2,16
581,6,6
582,22,6
583,-6,0
584,26,-28
585,26,-8
586,2,-8
587,14,4
588,50,-8
589,54,-8
590,-6,0
591,50,-2
592,-10,12
593,-10,-14
594,18,-22
595,18,-12
596,10,-2
597,30,-6
598,-10,-8
599,46,10
600,-30,-6
601,6,2
602,6,-4
603,18,-18
604,-18,0
605,-18,-4
606,-26,-12
607,-2,-8
608,6,4
609,-10,-4
610,6,12
611,14,-8
612,-6,-6
613,-6,8
614,-6,4
615,54,-12
616,10,10
617,6,-12
618,38,-6
619,22,4
620,10,6
621,-10,-4
622,42,2
623,46,0
624,-10,-8
625,-2,4
626,-22,0
627,-10,14
628,-30,12
629,-2,2
630,6,4
631,26,-2
632,50,8
633,-10,6
634,26,-10
635,-10,16
636,6,6
637,22,10
638,2,-4
639,30,-12
640,10,20
641,-18,4
642,-14,-2
643,34,2
644,38,12
645,30,-2
646,18,-6
647,30,-2
648,42,4
649,30,4
650,14,6
651,18,20
652,14,6
653,14,-20
654,-22,-24
655,38,-2
656,-6,-10
657,-38,10
658,22,-16
659,-10,6
660,30,4
661,30,-2
662,30,0
663,6,-12
664,10,8
665,50,2
666,26,10
667,-2,-6
668,18,-14
669,26,4
670,-18,-18
671,10,10
672,10,0
673,10,2
674,14,-10
675,2,10
676,14,0
677,10,16
678,2,0
679,34,8
680,-2,16
681,10,2
682,-6,14
683,-2,2
684,34,-2
685,22,-4
686,-6,8
687,18,-2
688,30,6
689,-2,14
690,-14,10
691,14,4
692,-10,4
693,14,-20
694,42,-6
695,-30,10
696,14,-12
697,14,-2
698,22,4
699,34,-4
700,10,8
701,-22,8
702,22,0
703,10,14
704,30,0
705,-10,14
706,6,-2
707,42,2
708,-14,18
709,14,-20
710,2,2
711,22,-2
712,6,10
713,-34,-14
714,22,6
715,2,14
716,14,-6
717,42,12
718,22,0
719,10,-4
720,26,6
721,26,20
722,50,14
723,30,0
724,-18,-12
725,10,0
726,22,0
727,-2,-16
728,6,-12
729,-22,10
730,10,6
731,10,8
732,-6,-10
733,26,6
734,18,-4
735,14,0
736,30,2
737,38,10
738,18,-2
739,2,-4
740,-22,24
741,2,4
742,50,2
743,10,16
744,6,0
745,30,0
746,6,-2
747,30,-10
748,14,-12
749,-10,22
750,6,-4
751,10,2
752,42,4
753,2,4
754,18,-8
755,38,-2
756,-2,14
757,-18,-14
758,-6,0
759,50,10
760,26,8
761,30,12
762,6,-4
763,10,-2
764,22,4
765,-38,-14
766,14,8
767,-26,8
768,-14,0
769,22,-6
770,34,-2
771,10,-2
772,10,2
773,22,14
774,-6,-10
775,30,-6
776,2,-10
777,6,-8
778,2,4
779,18,-4
780,38,-16
781,22,2
782,2,-6
783,2,-8
784,-2,-6
785,30,0
786,22,10
787,38,4
788,14,10
789,18,-4
790,-6,10
791,22,8
792,10,8
793,-2,10
794,-34,-14
795,2,-10
796,50,6
797,6,-2
798,6,0
799,30,2
800,34,10
801,38,20
802,-10,-16
803,-6,-4
804,-6,2
805,14,8
806,14,4
807,34,-4
808,-2,6
809,18,-2
810,14,-4
811,34,4
812,46,14
813,6,-18
814,-18,-8
815,66,4
816,-2,2
817,14,10
818,26,4
819,-14,4
820,34,-4
821,10,-4
822,50,-2
823,30,2
824,30,-12
825,26,-16
826,-10,-2
827,10,-14
828,-14,-4
829,6,-2
830,-2,-4
831,34,6
832,18,6
833,26,4
834,46,2
835,34,0
836,38,-6
837,26,0
838,14,0
839,50,2
840,18,12
841,22,-4
842,10,-2
843,10,8
844,42,-6
845,-34,-18
846,6,18
847,14,12
848,26,-10
849,22,0
850,-18,-2
851,10,12
852,26,2
853,22,2
854,34,2
855,2,-8
856,10,4
857,-22,4
858,38,4
859,-18,8
860,18,-4
861,50,4
862,30,18
863,-26,6
864,-6,6
865,-2,24
866,18,12
867,2,-2
868,-6,-10
869,6,10
870,-6,-2
871,34,0
872,42,16
873,30,-2
874,-14,2
875,14,-6
876,10,-10
877,34,4
878,-2,16
879,10,10
880,38,-10
881,22,-12
882,10,10
883,-2,-4
884,14,-6
885,2,-2
886,-2,8
887,-6,14
888,-14,0
889,-2,6
890,6,14
891,30,0
892,14,6
893,34,4
894,38,0
895,6,4
896,18,-6
897,2,-6
898,38,-2
899,10,-12
900,14,22
901,-18,16
902,2,4
903,18,2
904,26,-2
905,14,4
906,18,-2
907,2,-6
908,14,-10
909,34,10
910,10,-12
911,-22,2
912,2,18
913,18,-20
914,-10,-2
915,-6,2
916,2,2
917,38,-2
918,6,2
919,10,6
920,-6,-10
921,22,2
922,6,10
923,10,-10
924,66,-14
925,18,0
926,14,4
927,2,-8
928,-30,-8
929,30,0
930,-6,16
931,30,14
932,34,-10
933,30,10
934,10,6
935,18,18
936,46,-6
937,-22,-18
938,14,-2
939,26,-12
940,2,-6
941,-2,2
942,-26,-2
943,22,12
944,18,4
945,14,10
946,14,0
947,18,-8
948,6,10
949,58,-18
950,18,2
951,14,28
952,18,-12
953,10,4
954,34,6
955,46,-6
956,6,10
957,26,8
958,26,0
959,-18,2
960,18,18
961,22,-2
962,10,6
963,-10,-2
964,34,8
965,-18,-2
966,-6,8
967,10,6
968,14,8
969,-10,0
970,-6,-4
971,18,-10
972,-2,-14
973,10,2
974,30,-6
975,50,2
976,50,-6
977,14,6
978,-22,6
979,2,-6
980,30,-8
981,-6,12
982,58,-2
983,14,-14
984,2,-10
985,38,-2
986,26,-12
987,14,-18
988,10,18
989,-22,6
990,-22,-4
991,14,-14
992,26,-6
993,-6,-2
994,18,-8
995,2,-14
996,30,-2
997,2,-2
998,18,-10
999,-10,8
