Temperature 7.5e+23
config,energy,magnetism
0,2,14
1,6,4
2,-22,2
3,42,-10
4,-2,-10
5,-2,6
6,2,8
7,26,2
8,30,12
9,66,2
10,34,6
11,-18,24
12,34,-10
13,22,4
14,38,-12
15,30,6
16,-2,10
17,10,-16
18,-2,-10
19,46,2
20,26,16
21,30,2
22,42,6
23,10,0
24,18,8
25,26,12
26,2,6
27,6,-14
28,-34,10
29,22,0
30,14,-4
31,38,0
32,-2,4
33,34,2
34,18,0
35,-6,10
36,62,-8
37,-2,12
38,54,16
39,26,-4
40,6,-2
41,42,4
42,2,-16
43,6,6
44,14,14
45,18,4
46,18,10
47,6,0
48,10,4
49,10,-2
50,14,-4
51,22,-6
52,34,-8
53,18,-12
54,30,-6
55,18,8
56,70,6
57,14,0
58,-2,2
59,-6,10
60,34,0
61,42,6
62,2,8
63,38,-4
64,2,8
65,22,16
66,54,-12
67,10,8
68,14,4
69,14,6
70,22,-6
71,46,0
72,-14,-24
73,10,-20
74,2,4
75,42,8
76,38,-2
77,6,-4
78,-2,-4
79,38,-14
80,26,16
81,10,2
82,2,6
83,22,16
84,-14,-8
85,26,20
86,-2,0
87,-6,0
88,14,0
89,46,6
90,18,-14
91,34,-8
92,-2,12
93,46,10
94,-6,8
95,-2,14
96,22,0
97,30,-6
98,2,4
99,18,8
100,22,10
101,10,-6
102,38,4
103,6,-8
104,22,-10
105,54,4
106,6,-14
107,-6,-12
108,46,-4
109,50,-14
110,62,2
111,38,-4
112,18,-8
113,22,-6
114,42,2
115,38,14
116,22,6
117,18,-12
118,-34,-10
119,30,8
120,26,8
121,18,4
122,-14,-8
123,26,0
124,18,4
125,46,4
126,2,22
127,-2,8
128,26,10
129,30,4
130,34,8
131,-22,2
132,22,-4
133,-2,-2
134,34,-6
135,70,8
136,38,6
137,22,8
138,18,-4
139,-14,20
140,6,-4
141,-2,-4
142,18,-12
143,54,12
144,30,10
145,42,0
146,62,8
147,78,-10
148,30,-4
149,-10,-8
150,46,-12
151,38,10
152,-2,-10
153,10,14
154,54,-6
155,6,-2
156,22,-12
157,10,4
158,-10,8
159,18,-12
160,34,-4
161,58,14
162,10,-8
163,54,8
164,18,0
165,42,14
166,-6,0
167,10,12
168,-6,-6
169,-6,-2
170,2,8
171,22,-8
172,30,4
173,42,-2
174,34,-2
175,26,-4
176,22,8
177,10,-12
178,6,20
179,6,2
180,-10,0
181,22,-4
182,-2,4
183,26,-8
184,18,-8
185,10,4
186,42,-2
187,-2,-4
188,26,14
189,22,-20
190,-6,-10
191,10,2
192,38,-2
193,38,10
194,26,0
195,14,2
196,22,-12
197,38,-6
198,30,-8
199,66,16
200,50,2
201,42,-8
202,2,-22
203,22,12
204,38,18
205,-10,-22
206,50,-2
207,14,-4
208,6,-4
209,58,-2
210,30,-8
211,-26,-8
212,6,-22
213,42,2
214,30,12
215,-6,6
216,6,0
217,18,-10
218,-2,4
219,6,-2
220,-2,-2
221,34,4
222,-14,18
223,18,-12
224,22,6
225,30,12
226,78,4
227,22,2
228,-14,-10
229,30,-6
230,22,-4
231,-2,4
232,-10,-2
233,-2,-6
234,14,4
235,30,-8
236,-10,-2
237,14,8
238,6,6
239,50,-8
240,38,-6
241,22,-4
242,38,-6
243,38,-2
244,-2,14
245,-10,-8
246,62,-2
247,10,-8
248,-6,-4
249,-14,-8
250,10,6
251,-14,-4
252,14,-2
253,26,-4
254,10,8
255,62,6
256,10,6
257,42,2
258,38,-2
259,6,4
260,6,4
261,18,-6
262,58,-8
263,26,-18
264,-6,-4
265,34,6
266,-6,12
267,50,0
268,6,-16
269,14,-4
270,26,-4
271,30,-8
272,14,8
273,30,-14
274,6,4
275,-22,-4
276,14,8
277,22,12
278,10,10
279,2,-12
280,-14,18
281,26,-2
282,14,10
283,62,2
284,2,10
285,-2,-10
286,30,2
287,10,10
288,-6,-10
289,34,14
290,18,0
291,14,2
292,-26,8
293,34,-2
294,58,-2
295,26,-2
296,-10,-4
297,74,14
298,50,10
299,2,2
300,26,4
301,-14,-16
302,30,-2
303,10,2
304,14,-6
305,-10,0
306,6,-8
307,14,-4
308,46,12
309,26,10
310,22,-16
311,10,4
312,46,4
313,22,-2
314,50,8
315,-10,6
316,-10,-2
317,30,12
318,34,0
319,14,10
320,6,-12
321,26,-8
322,18,0
323,10,-6
324,62,4
325,10,-8
326,50,12
327,18,16
328,10,-4
329,46,-16
330,-34,-20
331,2,14
332,6,6
333,-2,6
334,18,-12
335,-6,-8
336,46,-4
337,-10,-8
338,6,2
339,26,-6
340,38,-10
341,38,8
342,34,0
343,2,-10
344,34,-14
345,30,2
346,46,4
347,2,24
348,14,2
349,42,-14
350,42,-8
351,10,2
352,18,18
353,2,-4
354,46,-12
355,-2,-4
356,54,-10
357,30,-2
358,18,10
359,6,-2
360,22,16
361,30,6
362,14,10
363,18,-4
364,26,-8
365,-6,-22
366,42,2
367,26,4
368,-6,4
369,30,10
370,42,6
371,26,10
372,22,-6
373,22,4
374,10,-10
375,18,-6
376,6,2
377,6,-14
378,70,-10
379,-14,2
380,22,10
381,14,-2
382,14,-8
383,14,2
384,-6,-4
385,22,-6
386,46,-2
387,-18,-10
388,26,6
389,-14,0
390,10,-2
391,-34,-2
392,22,12
393,14,-6
394,54,4
395,42,6
396,30,2
397,38,12
398,34,-4
399,14,-4
400,10,-2
401,34,-2
402,42,-4
403,26,-20
404,18,-20
405,2,-14
406,6,2
407,6,6
408,38,-16
409,18,10
410,42,0
411,-6,-10
412,26,-4
413,42,8
414,2,-8
415,30,-16
416,-22,12
417,34,2
418,38,12
419,18,4
420,18,-22
421,14,8
422,18,2
423,18,18
424,-2,0
425,-10,-4
426,-10,-16
427,2,-6
428,14,-16
429,34,-4
430,2,0
431,22,4
432,10,8
433,-2,-20
434,30,-2
435,14,-12
436,18,-2
437,34,4
438,10,-6
439,42,-8
440,-6,-20
441,22,4
442,38,-10
443,-2,4
444,34,0
445,34,-22
446,42,-2
447,66,-2
448,34,8
449,-6,6
450,26,-2
451,30,2
452,-2,28
453,18,4
454,22,8
455,2,12
456,-18,4
457,14,-12
458,-6,14
459,22,-12
460,18,-14
461,42,-12
462,38,8
463,30,-8
464,10,8
465,38,-4
466,18,10
467,6,-6
468,18,4
469,22,-10
470,22,-10
471,2,4
472,46,0
473,10,2
474,42,2
475,6,-4
476,42,-2
477,22,0
478,-10,-4
479,34,-6
480,-18,-10
481,22,2
482,6,-8
483,2,4
484,6,-8
485,34,4
486,18,-4
487,10,4
488,-6,-2
489,54,-4
490,30,-8
491,54,-4
492,14,4
493,30,12
494,-2,4
495,30,-2
496,10,-10
497,18,-4
498,2,-6
499,34,-2
500,18,-8
501,22,6
502,54,-10
503,10,14
504,30,4
505,6,6
506,26,10
507,10,-10
508,30,0
509,42,-2
510,14,-4
511,18,-6
512,10,2
513,54,4
514,30,2
515,10,8
516,26,-8
517,42,2
518,6,-16
519,18,-26
520,50,4
521,-6,4
522,38,0
523,34,-2
524,50,-8
525,22,-10
526,50,-6
527,26,-4
528,2,8
529,-10,22
530,30,-10
531,10,16
532,10,-6
533,-14,14
534,22,14
535,58,2
536,22,-12
537,30,-14
538,6,8
539,22,-6
540,22,8
541,22,2
542,10,-2
543,2,4
544,6,-14
545,-10,6
546,26,0
547,26,4
548,30,-16
549,10,-14
550,18,22
551,14,10
552,-2,-6
553,30,-10
554,34,-20
555,30,-4
556,54,0
557,14,-22
558,6,-8
559,10,6
560,34,-18
561,10,-2
562,42,-2
563,14,4
564,6,2
565,14,-6
566,6,-4
567,22,-6
568,-2,22
569,-6,-16
570,50,8
571,42,0
572,2,-2
573,10,-4
574,26,-8
575,30,10
576,18,6
577,10,-6
578,54,0
579,38,6
580,14,-6
581,10,-10
582,10,12
583,-10,2
584,14,-10
585,14,4
586,14,-12
587,10,-10
588,54,-16
589,14,4
590,-6,-16
591,46,-10
592,6,2
593,2,-6
594,14,-6
595,18,2
596,30,2
597,50,-2
598,6,-4
599,42,2
600,-14,20
601,14,10
602,46,6
603,30,-22
604,14,12
605,14,4
606,-2,8
607,2,4
608,-6,4
609,6,4
610,22,2
611,14,-20
612,6,-2
613,26,20
614,-2,-14
615,30,-8
616,-6,14
617,2,6
618,30,-12
619,42,-14
620,18,-6
621,-2,-2
622,34,10
623,6,8
624,34,10
625,6,14
626,10,8
627,14,8
628,34,6
629,18,8
630,18,0
631,22,0
632,46,18
633,-14,8
634,50,-14
635,26,-6
636,30,8
637,14,4
638,2,6
639,42,-4
640,42,10
641,-2,6
642,26,-8
643,54,2
644,50,-4
645,18,-12
646,10,6
647,22,-12
648,42,10
649,66,8
650,6,-6
651,30,0
652,6,2
653,26,-10
654,6,-16
655,26,4
656,22,-6
657,-10,6
658,46,-12
659,30,-2
660,30,10
661,66,4
662,22,2
663,14,-12
664,6,-2
665,50,8
666,14,-10
667,34,16
668,62,-6
669,14,12
670,-30,-16
671,-18,-2
672,10,-2
673,10,-12
674,6,-8
675,10,4
676,14,-4
677,14,-10
678,34,-12
679,26,12
680,38,-8
681,-2,-8
682,6,6
683,14,-2
684,18,0
685,38,-2
686,2,12
687,42,-4
688,42,8
689,-18,14
690,10,2
691,2,-4
692,-10,18
693,34,-8
694,18,-10
695,2,12
696,22,-4
697,14,-4
698,30,12
699,34,-2
700,-14,12
701,-2,6
702,46,4
703,-2,-2
704,-2,-14
705,10,20
706,-6,8
707,18,-2
708,30,12
709,-2,-2
710,-2,-2
711,34,0
712,6,-2
713,30,-6
714,30,18
715,22,2
716,26,2
717,34,14
718,18,-12
719,34,-18
720,30,14
721,6,6
722,26,14
723,18,8
724,18,6
725,-18,-8
726,38,0
727,-14,-12
728,46,2
729,6,8
730,-30,-12
731,34,0
732,14,-4
733,6,8
734,14,-12
735,14,-6
736,26,-4
737,26,0
738,34,-6
739,6,-4
740,14,8
741,18,-10
742,-14,12
743,-6,6
744,30,2
745,14,12
746,38,2
747,30,-16
748,26,10
749,30,4
750,18,0
751,22,2
752,42,8
753,26,10
754,26,-12
755,30,-4
756,6,-2
757,6,-8
758,14,6
759,26,8
760,30,14
761,34,10
762,-6,-2
763,22,6
764,30,-2
765,-26,10
766,18,10
767,-6,-4
768,2,-6
769,26,4
770,50,0
771,38,-10
772,2,-8
773,30,-4
774,42,4
775,58,-4
776,6,-4
777,2,-20
778,-6,6
779,10,4
780,50,-10
781,6,0
782,14,8
783,18,8
784,14,-4
785,26,-2
786,30,10
787,18,-6
788,-6,0
789,2,4
790,10,24
791,54,0
792,10,0
793,18,-10
794,-26,-20
795,18,-14
796,66,8
797,-14,8
798,10,-12
799,34,12
800,26,6
801,34,4
802,-6,-12
803,30,10
804,10,6
805,34,14
806,14,10
807,14,6
808,38,-2
809,34,8
810,14,-2
811,62,4
812,58,0
813,-10,-10
814,-14,4
815,58,0
816,10,2
817,46,6
818,-6,-10
819,14,-4
820,46,2
821,38,-10
822,66,-4
823,2,6
824,6,-2
825,-6,-26
826,6,-10
827,-10,0
828,10,-20
829,6,0
830,-2,2
831,62,-4
832,42,-2
833,6,-12
834,-2,0
835,18,12
836,26,0
837,34,8
838,38,-2
839,58,0
840,-6,18
841,14,-8
842,-14,-6
843,22,0
844,38,-4
845,-6,-2
846,18,12
847,34,-6
848,2,-4
849,6,-4
850,2,10
851,22,-10
852,10,12
853,2,10
854,26,2
855,18,-6
856,26,-8
857,14,2
858,38,0
859,18,0
860,22,-16
861,26,2
862,46,12
863,2,-4
864,-2,-2
865,22,8
866,-6,10
867,-38,2
868,-6,-20
869,30,-4
870,-10,-2
871,14,0
872,26,10
873,26,2
874,-14,-6
875,-2,-6
876,-46,-18
877,18,-2
878,14,0
879,10,4
880,14,20
881,30,-18
882,-2,6
883,22,6
884,42,0
885,18,-4
886,22,-6
887,-2,4
888,2,18
889,26,-2
890,38,8
891,2,-6
892,14,-8
893,18,6
894,26,12
895,6,0
896,18,-14
897,10,-4
898,38,10
899,2,-2
900,26,-6
901,10,0
902,26,6
903,34,-2
904,30,6
905,2,10
906,26,8
907,-18,-10
908,26,-8
909,46,-2
910,2,-12
911,-22,6
912,18,-14
913,26,8
914,-18,-8
915,14,-8
916,30,2
917,34,-4
918,-2,-12
919,10,-6
920,6,4
921,30,4
922,-18,2
923,2,-18
924,38,-8
925,-2,12
926,50,-10
927,-18,-20
928,6,10
929,-10,20
930,22,6
931,54,0
932,46,-2
933,46,8
934,-6,8
935,54,10
936,34,2
937,6,-18
938,50,4
939,62,-8
940,26,2
941,38,0
942,22,0
943,30,-10
944,30,-6
945,14,-4
946,34,18
947,10,-8
948,-2,-8
949,18,-6
950,26,14
951,6,8
952,26,-2
953,-2,12
954,54,-6
955,38,-14
956,30,16
957,34,0
958,26,6
959,2,2
960,10,-8
961,38,4
962,42,10
963,6,-8
964,26,10
965,-2,-10
966,42,2
967,18,0
968,30,4
969,-34,10
970,10,-4
971,22,2
972,14,-8
973,14,2
974,26,0
975,26,18
976,50,-4
977,14,4
978,2,4
979,34,10
980,42,-10
981,2,8
982,38,-2
983,22,10
984,2,-8
985,58,-16
986,30,-20
987,10,-12
988,22,0
989,6,-6
990,6,0
991,30,-12
992,50,-10
993,38,-10
994,26,-14
995,22,-12
996,50,-2
997,42,-4
998,14,-4
999,18,18
