Temperature 1e+24
config,energy,magnetism
0,-630370,120
1,2.58374e+06,70
2,2.21592e+06,50
3,-4.09214e+06,-112
4,-1.79963e+06,48
5,-159259,-86
6,2.11031e+06,-52
7,2.08398e+06,-42
8,3.09452e+06,144
9,3.00957e+06,90
10,1.04693e+06,-156
11,-203412,102
12,-3.94068e+06,-30
13,1.29431e+06,-208
14,572935,6
15,217297,136
16,-967467,146
17,1.92425e+06,-66
18,-4.47573e+06,38
19,-443329,138
20,-339205,-18
21,2.72333e+06,-8
22,1.51253e+06,14
23,-4.67313e+06,112
24,170838,58
25,68611,-150
26,-717269,-10
27,1.01829e+06,68
28,2.58058e+06,200
29,2.06772e+06,164
30,-2.1795e+06,-40
31,-1.38899e+06,98
32,4.08631e+06,226
33,2.2068e+06,-18
34,272086,40
35,-1.87583e+06,-20
36,5.08412e+06,-192
37,2.22386e+06,50
38,2.94018e+06,26
39,2.67816e+06,-42
40,2.61969e+06,-36
41,827465,58
42,-224972,-56
43,2.4263e+06,-110
44,2.5045e+06,12
45,705925,-80
46,1.36739e+06,-42
47,1.06832e+06,136
48,1.74004e+06,16
49,1.89695e+06,-88
50,2.984e+06,-124
51,563851,44
52,2.27085e+06,-54
53,1.84308e+06,2
54,-1.47315e+06,154
55,-1.71818e+06,130
56,154692,112
57,2.51261e+06,-184
58,-2.932e+06,-66
59,-3.06053e+06,108
60,-216771,-66
61,2.54517e+06,32
62,-1.49222e+06,-20
63,363461,-60
64,3.98746e+06,28
65,-510233,146
66,2.73367e+06,14
67,289507,116
68,881565,150
69,2.86769e+06,22
70,2.01838e+06,-12
71,542351,-10
72,2.23832e+06,116
73,2.74727e+06,138
74,690138,36
75,2.7008e+06,14
76,-711027,36
77,-118819,20
78,-134213,20
79,-775901,-216
80,509097,80
81,2.04076e+06,-104
82,206383,-32
83,-63503,-64
84,4.12516e+06,-106
85,-1.49636e+06,-190
86,104331,-50
87,2.63184e+06,100
88,1.71042e+06,-48
89,-1.0844e+06,-28
90,438207,30
91,-1.0517e+06,50
92,-3.19622e+06,-68
93,-266263,36
94,1.18449e+06,-4
95,3.44123e+06,16
96,1.41855e+06,-122
97,1.25559e+06,190
98,1.15606e+06,18
99,1.80945e+06,66
100,2.57962e+06,-18
101,-2.05708e+06,-116
102,2.94172e+06,42
103,741829,78
104,70709,-108
105,-3.88e+06,-212
106,-58603,-18
107,3.1587e+06,-102
108,2.44229e+06,70
109,-37001,-58
110,1.06027e+06,-134
111,156301,-76
112,2.20566e+06,6
113,1.00321e+06,2
114,-1.35112e+06,-120
115,2.47452e+06,-108
116,-895603,-172
117,-707503,196
118,3.45093e+06,312
119,-877303,14
120,3.14409e+06,30
121,-3.58162e+06,-26
122,-1.44539e+06,154
123,-214807,-48
124,-958721,-88
125,3.2237e+06,10
126,1.56919e+06,-34
127,-154457,-84
128,272809,50
129,447269,12
130,917357,-64
131,-1.09764e+06,-16
132,1.03542e+06,-128
133,1.25748e+06,-54
134,3.82695e+06,100
135,-4.28552e+06,-20
136,-2.42136e+06,40
137,-285617,-2
138,5.32764e+06,-14
139,-20015,-82
140,1.59898e+06,-24
141,2.1031e+06,74
142,4.1617e+06,-22
143,-205849,-76
144,1.38479e+06,186
145,185404,-48
146,3.9553e+06,100
147,1.96296e+06,112
148,-447611,-32
149,931169,60
150,4.12408e+06,146
151,-783711,-98
152,-298344,40
153,1.34513e+06,-216
154,1.94278e+06,68
155,-2.17264e+06,-78
156,-598619,156
157,197833,172
158,1.42699e+06,120
159,676865,94
160,-1.23345e+06,-46
161,-1.69529e+06,46
162,2.2213e+06,-18
163,1.35511e+06,-66
164,5.1922e+06,32
165,1.15344e+06,54
166,-2.13189e+06,250
167,1.2956e+06,104
168,2.4375e+06,-88
169,161177,102
170,1.18086e+06,-34
171,1.22699e+06,-66
172,1.26034e+06,-84
173,2.084e+06,222
174,-185021,196
175,6.84556e+06,70
176,1.84274e+06,-110
177,944503,38
178,3.24896e+06,-64
179,3.09687e+06,76
180,584563,-26
181,220285,-202
182,2.58308e+06,-136
183,5862,-24
184,4.98107e+06,-38
185,3.17052e+06,140
186,4.74941e+06,-74
187,2.20417e+06,-32
188,-1.0509e+06,14
189,-3.6407e+06,-18
190,3.35311e+06,-158
191,-1.48981e+06,110
192,-1.09702e+06,24
193,1.66966e+06,64
194,81413,30
195,-1.38663e+06,-48
196,-2.33654e+06,-88
197,1.95477e+06,2
198,4.15038e+06,-184
199,-325033,128
200,82037,0
201,1.26406e+06,-4
202,2.17357e+06,10
203,4.072e+06,156
204,-711149,-44
205,4.15528e+06,156
206,5.34824e+06,106
207,336729,46
208,2.14128e+06,-132
209,29779,16
210,4.13946e+06,90
211,577785,-154
212,1.9082e+06,-76
213,2.51329e+06,28
214,1.51949e+06,-226
215,2.64646e+06,44
216,4.84693e+06,68
217,3.38952e+06,106
218,1.21785e+06,-112
219,-362205,40
220,-587283,-110
221,-1.59204e+06,76
222,1.30084e+06,-54
223,1.25706e+06,38
224,2.27172e+06,-104
225,-326089,258
226,4.68585e+06,86
227,1.45065e+06,-26
228,2.21264e+06,84
229,1.12154e+06,-80
230,-143399,54
231,1.32067e+06,72
232,1.51883e+06,-202
233,249893,24
234,1.72649e+06,-160
235,2.66625e+06,102
236,1.56309e+06,-102
237,389197,-38
238,2.39001e+06,-28
239,1.91255e+06,34
240,2.95285e+06,-76
241,-537803,196
242,-1.05929e+06,-44
243,-1.0342e+06,106
244,5.68159e+06,72
245,1.95198e+06,148
246,-2.43486e+06,84
247,-784183,122
248,-1.53073e+06,34
249,1.79933e+06,92
250,1.56014e+06,-10
251,829129,-44
252,115971,48
253,3.59522e+06,-166
254,1.61726e+06,-214
255,946473,-302
256,293527,16
257,593027,-64
258,1.73666e+06,-28
259,1.63781e+06,-102
260,2.89654e+06,-50
261,-3.60228e+06,-60
262,-3.83801e+06,-152
263,1.0148e+06,-44
264,-1.83869e+06,-44
265,6.4099e+06,64
266,3.52496e+06,-68
267,334855,78
268,247691,-60
269,866594,32
270,-1.31206e+06,-78
271,2.23706e+06,42
272,-3.25859e+06,-16
273,170425,-76
274,2.32072e+06,-140
275,2.18703e+06,42
276,-464143,-192
277,-616365,-146
278,1.30463e+06,56
279,329397,6
280,1.48465e+06,-30
281,279647,-6
282,-2.4146e+06,94
283,4.57781e+06,-70
284,-3.78204e+06,-42
285,2.43511e+06,28
286,294131,-2
287,378563,-48
288,2.9042e+06,62
289,4.40186e+06,22
290,1.681e+06,2
291,1.23163e+06,-248
292,1.12872e+06,134
293,2.68858e+06,104
294,392909,18
295,-309370,-260
296,3.21549e+06,-86
297,768937,-68
298,34821,-36
299,3.08918e+06,-102
300,2.2988e+06,130
301,1.62247e+06,2
302,1.49209e+06,-88
303,1.04845e+06,-174
304,4.29756e+06,128
305,1.69136e+06,-8
306,-1.76764e+06,24
307,556315,-38
308,225393,-188
309,2.4633e+06,34
310,2.1354e+06,130
311,-2.23978e+06,-148
312,5.27892e+06,30
313,2.0571e+06,-148
314,813509,-28
315,1.81767e+06,240
316,2.62943e+06,-154
317,2.2967e+06,-60
318,425495,-40
319,-94427,128
320,-1.13018e+06,44
321,-773783,-66
322,-311883,-58
323,-739375,-84
324,833712,-80
325,-1.2548e+06,76
326,-233087,-46
327,2.13468e+06,28
328,1.27078e+06,-106
329,952062,-10
330,-670231,-124
331,-1.94704e+06,-96
332,3.76163e+06,270
333,1.3061e+06,-238
334,-2.27069e+06,64
335,1.33116e+06,-66
336,4.45936e+06,-156
337,571215,14
338,2.97162e+06,58
339,1.0234e+06,-22
340,-246477,268
341,1.03543e+06,-56
342,1.01455e+06,-72
343,2.21739e+06,-60
344,3.29758e+06,38
345,1.09382e+06,-122
346,612413,50
347,4.28925e+06,88
348,2.52163e+06,110
349,736413,52
350,2.98221e+06,56
351,1.56792e+06,-48
352,727037,-122
353,1.44156e+06,66
354,1.03768e+06,-128
355,1.79464e+06,-98
356,1.14869e+06,-102
357,-887833,134
358,331241,26
359,-2.50431e+06,-152
360,5.27847e+06,-174
361,-25441,166
362,5.30019e+06,-128
363,1.99702e+06,86
364,4.2582e+06,-34
365,1.64168e+06,-60
366,-1.19504e+06,56
367,3.20377e+06,-56
368,-919126,-38
369,1.0243e+06,188
370,-1.79809e+06,-72
371,4.22458e+06,80
372,-1.56668e+06,24
373,3.08788e+06,-8
374,852925,32
375,-790485,-186
376,533229,-120
377,-732469,60
378,359319,-16
379,-41053,72
380,-539285,4
381,2.33199e+06,82
382,-831683,-102
383,732511,-52
384,1.3341e+06,68
385,3.3136e+06,10
386,799669,28
387,645857,130
388,612049,82
389,-1.77673e+06,4
390,-1.46009e+06,-126
391,459927,-94
392,-904107,-82
393,797515,104
394,1.21e+06,44
395,-1.68348e+06,-26
396,323203,-92
397,3.7835e+06,-4
398,362555,-48
399,1.3345e+06,-144
400,2.18058e+06,60
401,-1.75995e+06,68
402,2.77692e+06,18
403,-1.61253e+06,-170
404,1.9501e+06,-186
405,2.1544e+06,-142
406,-1.72056e+06,-14
407,-1.24828e+06,-74
408,-547353,114
409,-1.42354e+06,158
410,1.5636e+06,-48
411,792253,-200
412,1.77521e+06,86
413,2.28554e+06,-98
414,1.20732e+06,-48
415,572777,-92
416,301228,106
417,-2.53944e+06,-12
418,2.16122e+06,32
419,4.75058e+06,116
420,1.28686e+06,104
421,2.6819e+06,80
422,502099,-32
423,719725,92
424,2.57321e+06,48
425,-2.82026e+06,62
426,69453,28
427,924159,-160
428,-227485,-130
429,2.61744e+06,6
430,-882680,-40
431,-462585,-144
432,-1.59915e+06,114
433,2.17488e+06,132
434,1.50622e+06,6
435,-1.06217e+06,178
436,987340,-16
437,-1.2101e+06,-38
438,196396,104
439,971275,18
440,3.21841e+06,2
441,2.21933e+06,36
442,869701,82
443,1.32903e+06,-6
444,-146271,-114
445,-942956,-52
446,-467713,-132
447,2.58608e+06,96
448,-105285,-16
449,1.52392e+06,-68
450,-3.16226e+06,22
451,-1.73658e+06,164
452,3.80345e+06,68
453,-1.89922e+06,-66
454,101275,88
455,944907,-66
456,-1.17732e+06,-62
457,508157,-20
458,749157,94
459,5.73614e+06,-36
460,1.89368e+06,22
461,701731,246
462,2.28572e+06,-20
463,2.0645e+06,-108
464,3.50502e+06,-134
465,-1.25926e+06,70
466,2.623e+06,76
467,2.92435e+06,86
468,605199,-222
469,-2.69302e+06,-98
470,2.02185e+06,76
471,367573,-166
472,3.29832e+06,-34
473,2.1167e+06,-102
474,-950757,-36
475,-773963,144
476,-1.46451e+06,176
477,-1.30742e+06,58
478,-1.40889e+06,-18
479,-486755,50
480,2.23748e+06,-228
481,571021,-22
482,-1.72807e+06,94
483,946379,138
484,-1.66624e+06,-102
485,2.97034e+06,40
486,4.55933e+06,-90
487,1.64222e+06,-138
488,3.22856e+06,84
489,1.29663e+06,66
490,2.40902e+06,-2
491,2.37142e+06,-16
492,-2.32538e+06,78
493,-95987,-8
494,-2.66824e+06,-80
495,875041,-262
496,-568675,-102
497,492889,-86
498,1.1835e+06,-34
499,481305,-14
500,-561650,-148
501,1.90665e+06,-12
502,4.8542e+06,-22
503,-517809,50
504,1.7847e+06,-142
505,-1.94032e+06,-132
506,-2.06127e+06,-66
507,-1.95005e+06,-66
508,-768445,-122
509,285547,-100
510,-267957,-84
511,-1.62491e+06,16
512,300371,156
513,125565,-80
514,821946,4
515,-2.34542e+06,-160
516,1.75294e+06,-146
517,1.2018e+06,-230
518,230373,-96
519,-5.69186e+06,-128
520,1.22551e+06,138
521,2.3105e+06,-198
522,409317,224
523,1.8431e+06,-158
524,-3.31058e+06,-108
525,1.30558e+06,70
526,1.93623e+06,56
527,-142173,-98
528,8979,306
529,2.86293e+06,202
530,1.88876e+06,12
531,782395,-46
532,-2.94874e+06,-84
533,2.73877e+06,-90
534,-296189,130
535,-3.27857e+06,-80
536,2.90766e+06,-38
537,-1.46924e+06,-166
538,1.74862e+06,-48
539,1.01425e+06,-56
540,2.60392e+06,-48
541,832393,64
542,1.98673e+06,88
543,-82205,-46
544,-734749,20
545,1.48291e+06,-38
546,-1.63902e+06,10
547,3.17766e+06,-180
548,-635171,-2
549,2.00918e+06,146
550,270663,-166
551,1.39104e+06,44
552,2.28029e+06,128
553,-297751,-102
554,2.413e+06,0
555,2.37333e+06,106
556,-3.91697e+06,-184
557,-2.19703e+06,-46
558,-1.41413e+06,-188
559,531256,-26
560,425391,-4
561,1.74188e+06,-12
562,1.65472e+06,-20
563,291146,6
564,2.33776e+06,26
565,3.16149e+06,12
566,1.55132e+06,-4
567,1.91083e+06,-86
568,-693451,16
569,1.18257e+06,132
570,13115,82
571,1.98664e+06,-110
572,-1.51952e+06,90
573,-1.36538e+06,18
574,157758,-34
575,-5.31028e+06,-116
576,-698137,114
577,1.02018e+06,-194
578,1.67764e+06,160
579,797049,-182
580,294779,-54
581,2.531e+06,154
582,3.03858e+06,68
583,152262,68
584,3.991e+06,-68
585,3.37927e+06,100
586,1.95097e+06,-6
587,3.59119e+06,26
588,-1.88483e+06,-70
589,2.54786e+06,78
590,2.64521e+06,-4
591,617075,-6
592,3.19498e+06,32
593,312709,-36
594,2.82671e+06,-160
595,-1.81897e+06,-26
596,-557303,-66
597,2.66351e+06,-150
598,-825989,78
599,-609321,86
600,4.92279e+06,-24
601,-908457,40
602,1.07615e+06,102
603,2.31925e+06,-64
604,4.2116e+06,-50
605,2.64133e+06,80
606,87557,-236
607,-843015,170
608,123106,-70
609,2.0312e+06,106
610,-976010,68
611,-2.84568e+06,2
612,-30575,42
613,-5.15028e+06,-64
614,-762565,-158
615,-3.99924e+06,16
616,703561,132
617,119967,-58
618,1.0203e+06,14
619,2.76811e+06,-48
620,5.85239e+06,46
621,-1.77479e+06,42
622,-3.51183e+06,70
623,-750905,-24
624,2.20621e+06,24
625,-302095,30
626,6.19935e+06,-114
627,3.8336e+06,-116
628,2.62596e+06,-40
629,366079,-102
630,3.24421e+06,154
631,5.01088e+06,-106
632,-1.07905e+06,-12
633,2.05684e+06,112
634,-145381,102
635,2.46334e+06,-62
636,-255979,-144
637,-12309,-92
638,-407672,30
639,-432427,68
640,-3.6739e+06,44
641,-2.09819e+06,-94
642,-73293,-180
643,3.13509e+06,-46
644,-24983,88
645,2.25496e+06,160
646,-1.69696e+06,-142
647,2.8499e+06,-8
648,195530,-142
649,-1.47328e+06,28
650,2.209e+06,36
651,2.60794e+06,-6
652,-2.92147e+06,36
653,2.3921e+06,-134
654,70689,30
655,-126211,104
656,-2.17706e+06,-122
657,-1.75785e+06,30
658,-902209,182
659,570743,54
660,1.94747e+06,68
661,3.89869e+06,-54
662,2.42572e+06,-110
663,1.7365e+06,-70
664,3.16783e+06,-112
665,56251,-40
666,-831587,-2
667,1.23414e+06,112
668,1.78863e+06,-242
669,7.1429e+06,-36
670,-471121,76
671,605053,122
672,481829,-72
673,2.43016e+06,144
674,757129,90
675,5.29392e+06,62
676,-129095,-138
677,63670,190
678,645447,38
679,3.68729e+06,-164
680,2.29488e+06,-138
681,425347,58
682,918981,-94
683,2.32867e+06,-12
684,-3.08254e+06,176
685,1.25315e+06,6
686,3.30399e+06,100
687,-360632,-124
688,-295089,22
689,620494,116
690,1.40232e+06,6
691,-2.55789e+06,4
692,1.27492e+06,116
693,2.85147e+06,180
694,-733581,-36
695,3.07198e+06,-158
696,2.38059e+06,72
697,1.19984e+06,38
698,107440,-32
699,-1.91996e+06,-130
700,-1.55042e+06,-70
701,-127755,90
702,858235,-92
703,-258960,70
704,-614871,-38
705,2.93605e+06,-80
706,-1.26723e+06,26
707,1.62941e+06,88
708,3.79845e+06,-150
709,4.56766e+06,-36
710,-617063,100
711,714239,-144
712,3.29624e+06,4
713,3.1776e+06,-20
714,1.16082e+06,164
715,-1.42581e+06,-18
716,-956777,-38
717,2.93879e+06,-46
718,1.07374e+06,152
719,-326173,80
720,2.58286e+06,-152
721,-550901,-16
722,177507,116
723,-176578,76
724,724297,-86
725,-2.20973e+06,14
726,-266170,-104
727,1.52082e+06,152
728,1.95752e+06,-10
729,2.42276e+06,186
730,4.3827e+06,-88
731,5.90133e+06,138
732,1.01259e+06,-62
733,1.56816e+06,-56
734,755833,106
735,-1.06785e+06,12
736,928437,-50
737,3.86548e+06,-32
738,1.92261e+06,-8
739,925837,-30
740,-244586,294
741,1.58145e+06,-46
742,3.13786e+06,44
743,2.621e+06,-118
744,879317,86
745,2.53915e+06,100
746,1.44084e+06,68
747,1.1011e+06,-32
748,1.3729e+06,-42
749,2.05162e+06,-80
750,1.51372e+06,-4
751,-3.98542e+06,-10
752,-2.03576e+06,-106
753,266919,-50
754,423013,-22
755,4.59129e+06,-94
756,2.59426e+06,-66
757,-1.61855e+06,12
758,6.06537e+06,-236
759,2.13055e+06,116
760,-2.18644e+06,126
761,1.07606e+06,-168
762,4.19849e+06,-98
763,-40609,-106
764,-145145,24
765,1.94444e+06,-112
766,834519,22
767,-2.50168e+06,-72
768,783859,42
769,-2.60298e+06,78
770,1.03306e+06,142
771,2.26676e+06,70
772,1.43329e+06,100
773,704195,220
774,-25349,2
775,2.43386e+06,-22
776,-278485,-62
777,-65828,24
778,697695,-6
779,999487,-28
780,-46005,32
781,3.81994e+06,-60
782,2.15493e+06,140
783,-618093,58
784,882735,70
785,2.36974e+06,-50
786,928024,6
787,175999,164
788,715169,-118
789,4.65542e+06,94
790,811981,26
791,-147009,-52
792,3.5986e+06,34
793,753498,22
794,454847,102
795,2.586e+06,-226
796,1.59892e+06,232
797,550648,-16
798,2.62073e+06,8
799,2.06619e+06,-150
800,1.73678e+06,-12
801,-203551,-32
802,3.63366e+06,-26
803,355901,100
804,3.32202e+06,-88
805,3.5159e+06,-26
806,5.99456e+06,172
807,903045,114
808,-188435,170
809,2.2983e+06,14
810,6063,30
811,1.3924e+06,-34
812,280863,-66
813,3.51744e+06,52
814,-2.39279e+06,26
815,1.2924e+06,24
816,-1.22853e+06,-122
817,-3.47736e+06,54
818,966697,-18
819,-2.11254e+06,-56
820,-1.72016e+06,40
821,-1.90375e+06,-256
822,-970703,-20
823,-1.26016e+06,-52
824,-1.13103e+06,-78
825,-2.02082e+06,38
826,2.18632e+06,38
827,1.2194e+06,-74
828,530081,2
829,410609,-108
830,-136755,22
831,208550,152
832,2.25256e+06,-18
833,-3.21533e+06,-110
834,2.09974e+06,-102
835,-276673,60
836,-3.15954e+06,-96
837,3.74717e+06,-70
838,3.70672e+06,-106
839,14561,-236
840,764463,-36
841,998408,118
842,1.64236e+06,60
843,1.95658e+06,172
844,-299279,-88
845,2.12144e+06,30
846,440051,156
847,1.27932e+06,12
848,3.29108e+06,184
849,220449,212
850,-644559,-34
851,-352345,-58
852,899034,-136
853,3.10546e+06,-58
854,1.96724e+06,-118
855,-200447,-152
856,1.41944e+06,-6
857,-321145,-62
858,-666185,-74
859,-3.59104e+06,-92
860,249079,-60
861,-3.04393e+06,108
862,-362933,-74
863,3.83437e+06,-210
864,-163105,-92
865,-2.06028e+06,-246
866,4.25667e+06,-82
867,-180722,54
868,3.25443e+06,224
869,2.8588e+06,-96
870,3.90816e+06,12
871,1.5886e+06,-106
872,1.49356e+06,4
873,3.44146e+06,28
874,438267,32
875,3.45839e+06,166
876,3.82624e+06,-44
877,762573,12
878,799533,114
879,895531,-42
880,126013,190
881,-666228,116
882,-3.39949e+06,158
883,2.60142e+06,-54
884,555143,-56
885,-2.13575e+06,108
886,3.2818e+06,60
887,3.07407e+06,-28
888,-2.36697e+06,128
889,-1.21945e+06,-138
890,3.02383e+06,94
891,33783,-134
892,-488781,-62
893,1.0376e+06,-92
894,3.0319e+06,-118
895,4.44281e+06,52
896,5.34739e+06,-42
897,2.95336e+06,118
898,-801309,100
899,-995893,24
900,688855,-4
901,1.58972e+06,128
902,2.30843e+06,4
903,69979,-60
904,522435,-80
905,-189521,-20
906,104971,72
907,3.14679e+06,-72
908,1.60509e+06,66
909,2.589e+06,30
910,482628,44
911,3.80192e+06,-18
912,5.37076e+06,-100
913,4.42337e+06,84
914,-3.10673e+06,-86
915,-478757,36
916,-1.44155e+06,-148
917,453417,20
918,-2.3435e+06,108
919,233564,162
920,-564243,-28
921,-2.82997e+06,42
922,2.32716e+06,-154
923,1.60746e+06,-24
924,682535,190
925,-2.37352e+06,82
926,-346959,-8
927,1.61134e+06,-38
928,-626787,-102
929,-373497,44
930,3.03824e+06,-32
931,1.31183e+06,-50
932,3.48281e+06,-124
933,-2.73905e+06,48
934,3.70584e+06,-88
935,2.62227e+06,82
936,1.0197e+06,-78
937,511527,88
938,3.25007e+06,182
939,2.8674e+06,-68
940,5.8498e+06,34
941,1.26516e+06,64
942,4.35776e+06,-112
943,-780857,100
944,2.18901e+06,-90
945,1.72957e+06,190
946,5.03576e+06,78
947,3.78756e+06,-24
948,3.53626e+06,-12
949,2.35577e+06,-52
950,1.08892e+06,-18
951,-113119,-16
952,4.56662e+06,10
953,745575,-14
954,2.73674e+06,24
955,2.06204e+06,-182
956,1.43914e+06,116
957,1.73381e+06,-16
958,4.15856e+06,46
959,-851245,-68
960,1.9512e+06,30
961,-1.0625e+06,42
962,-1.38657e+06,-32
963,3.60841e+06,52
964,3.4192e+06,170
965,4.25764e+06,162
966,849981,-66
967,-2.34339e+06,94
968,2.17265e+06,-2
969,484075,-64
970,-2.62812e+06,40
971,3.00082e+06,-34
972,816251,-14
973,955997,-18
974,1.60026e+06,34
975,-1.69049e+06,-34
976,-1.07456e+06,-66
977,639413,-148
978,2.93228e+06,142
979,731667,4
980,2.63072e+06,-102
981,-2.24118e+06,230
982,-1.13654e+06,-2
983,2.74956e+06,-174
984,480669,200
985,1.29272e+06,96
986,-649509,40
987,-1.94678e+06,112
988,519393,64
989,-118809,-38
990,4.20712e+06,-126
991,2.33786e+06,-16
992,93139,-152
993,-1.00952e+06,-12
994,-2.45826e+06,-48
995,5.93992e+06,38
996,-1.10134e+06,-42
997,1.64901e+06,-96
998,-3.44623e+06,36
999,824089,172
