Temperature 1000
config,energy,magnetism
0,8.32332e+107,-238
1,8.32332e+107,-238
2,8.32332e+107,-238
3,8.32332e+107,-238
4,8.32332e+107,-238
5,8.32332e+107,-238
6,8.32332e+107,-238
7,8.32332e+107,-238
8,8.32332e+107,-238
9,8.32332e+107,-238
10,8.32332e+107,-238
11,8.32332e+107,-238
12,8.32332e+107,-238
13,8.32332e+107,-238
14,8.32332e+107,-238
15,8.32332e+107,-238
16,8.32332e+107,-238
17,8.32332e+107,-238
18,8.32332e+107,-238
19,8.32332e+107,-238
20,8.32332e+107,-238
21,8.32332e+107,-238
22,8.32332e+107,-238
23,8.32332e+107,-238
24,8.32332e+107,-238
25,8.32332e+107,-238
26,8.32332e+107,-238
27,8.32332e+107,-238
28,8.32332e+107,-238
29,8.32332e+107,-238
30,8.32332e+107,-238
31,8.32332e+107,-238
32,8.32332e+107,-238
33,8.32332e+107,-238
34,8.32332e+107,-238
35,8.32332e+107,-238
36,8.32332e+107,-238
37,8.32332e+107,-238
38,8.32332e+107,-238
39,8.32332e+107,-238
40,8.32332e+107,-238
41,8.32332e+107,-238
42,8.32332e+107,-238
43,8.32332e+107,-238
44,8.32332e+107,-238
45,8.32332e+107,-238
46,8.32332e+107,-238
47,8.32332e+107,-238
48,8.32332e+107,-238
49,8.32332e+107,-238
50,8.32332e+107,-238
51,8.32332e+107,-238
52,8.32332e+107,-238
53,8.32332e+107,-238
54,8.32332e+107,-238
55,8.32332e+107,-238
56,8.32332e+107,-238
57,8.32332e+107,-238
58,8.32332e+107,-238
59,8.32332e+107,-238
60,8.32332e+107,-238
61,8.32332e+107,-238
62,8.32332e+107,-238
63,8.32332e+107,-238
64,8.32332e+107,-238
65,8.32332e+107,-238
66,8.32332e+107,-238
67,8.32332e+107,-238
68,8.32332e+107,-238
69,8.32332e+107,-238
70,8.32332e+107,-238
71,8.32332e+107,-238
72,8.32332e+107,-238
73,8.32332e+107,-238
74,8.32332e+107,-238
75,8.32332e+107,-238
76,8.32332e+107,-238
77,8.32332e+107,-238
78,8.32332e+107,-238
79,8.32332e+107,-238
80,8.32332e+107,-238
81,8.32332e+107,-238
82,8.32332e+107,-238
83,8.32332e+107,-238
84,8.32332e+107,-238
85,8.32332e+107,-238
86,8.32332e+107,-238
87,8.32332e+107,-238
88,8.32332e+107,-238
89,8.32332e+107,-238
90,8.32332e+107,-238
91,8.32332e+107,-238
92,8.32332e+107,-238
93,8.32332e+107,-238
94,8.32332e+107,-238
95,8.32332e+107,-238
96,8.32332e+107,-238
97,8.32332e+107,-238
98,8.32332e+107,-238
99,8.32332e+107,-238
100,8.32332e+107,-238
101,8.32332e+107,-238
102,8.32332e+107,-238
103,8.32332e+107,-238
104,8.32332e+107,-238
105,8.32332e+107,-238
106,8.32332e+107,-238
107,8.32332e+107,-238
108,8.32332e+107,-238
109,8.32332e+107,-238
110,8.32332e+107,-238
111,8.32332e+107,-238
112,8.32332e+107,-238
113,8.32332e+107,-238
114,8.32332e+107,-238
115,8.32332e+107,-238
116,8.32332e+107,-238
117,8.32332e+107,-238
118,8.32332e+107,-238
119,8.32332e+107,-238
120,8.32332e+107,-238
121,8.32332e+107,-238
122,8.32332e+107,-238
123,8.32332e+107,-238
124,8.32332e+107,-238
125,8.32332e+107,-238
126,8.32332e+107,-238
127,8.32332e+107,-238
128,8.32332e+107,-238
129,8.32332e+107,-238
130,8.32332e+107,-238
131,8.32332e+107,-238
132,8.32332e+107,-238
133,8.32332e+107,-238
134,8.32332e+107,-238
135,8.32332e+107,-238
136,8.32332e+107,-238
137,8.32332e+107,-238
138,8.32332e+107,-238
139,8.32332e+107,-238
140,8.32332e+107,-238
141,8.32332e+107,-238
142,8.32332e+107,-238
143,8.32332e+107,-238
144,8.32332e+107,-238
145,8.32332e+107,-238
146,8.32332e+107,-238
147,8.32332e+107,-238
148,8.32332e+107,-238
149,8.32332e+107,-238
150,8.32332e+107,-238
151,8.32332e+107,-238
152,8.32332e+107,-238
153,8.32332e+107,-238
154,8.32332e+107,-238
155,8.32332e+107,-238
156,8.32332e+107,-238
157,8.32332e+107,-238
158,8.32332e+107,-238
159,8.32332e+107,-238
160,8.32332e+107,-238
161,8.32332e+107,-238
162,8.32332e+107,-238
163,8.32332e+107,-238
164,8.32332e+107,-238
165,8.32332e+107,-238
166,8.32332e+107,-238
167,8.32332e+107,-238
168,8.32332e+107,-238
169,8.32332e+107,-238
170,8.32332e+107,-238
171,8.32332e+107,-238
172,8.32332e+107,-238
173,8.32332e+107,-238
174,8.32332e+107,-238
175,8.32332e+107,-238
176,8.32332e+107,-238
177,8.32332e+107,-238
178,8.32332e+107,-238
179,8.32332e+107,-238
180,8.32332e+107,-238
181,8.32332e+107,-238
182,8.32332e+107,-238
183,8.32332e+107,-238
184,8.32332e+107,-238
185,8.32332e+107,-238
186,8.32332e+107,-238
187,8.32332e+107,-238
188,8.32332e+107,-238
189,8.32332e+107,-238
190,8.32332e+107,-238
191,8.32332e+107,-238
192,8.32332e+107,-238
193,8.32332e+107,-238
194,8.32332e+107,-238
195,8.32332e+107,-238
196,8.32332e+107,-238
197,8.32332e+107,-238
198,8.32332e+107,-238
199,8.32332e+107,-238
200,8.32332e+107,-238
201,8.32332e+107,-238
202,8.32332e+107,-238
203,8.32332e+107,-238
204,8.32332e+107,-238
205,8.32332e+107,-238
206,8.32332e+107,-238
207,8.32332e+107,-238
208,8.32332e+107,-238
209,8.32332e+107,-238
210,8.32332e+107,-238
211,8.32332e+107,-238
212,8.32332e+107,-238
213,8.32332e+107,-238
214,8.32332e+107,-238
215,8.32332e+107,-238
216,8.32332e+107,-238
217,8.32332e+107,-238
218,8.32332e+107,-238
219,8.32332e+107,-238
220,8.32332e+107,-238
221,8.32332e+107,-238
222,8.32332e+107,-238
223,8.32332e+107,-238
224,8.32332e+107,-238
225,8.32332e+107,-238
226,8.32332e+107,-238
227,8.32332e+107,-238
228,8.32332e+107,-238
229,8.32332e+107,-238
230,8.32332e+107,-238
231,8.32332e+107,-238
232,8.32332e+107,-238
233,8.32332e+107,-238
234,8.32332e+107,-238
235,8.32332e+107,-238
236,8.32332e+107,-238
237,8.32332e+107,-238
238,8.32332e+107,-238
239,8.32332e+107,-238
240,8.32332e+107,-238
241,8.32332e+107,-238
242,8.32332e+107,-238
243,8.32332e+107,-238
244,8.32332e+107,-238
245,8.32332e+107,-238
246,8.32332e+107,-238
247,8.32332e+107,-238
248,8.32332e+107,-238
249,8.32332e+107,-238
250,8.32332e+107,-238
251,8.32332e+107,-238
252,8.32332e+107,-238
253,8.32332e+107,-238
254,8.32332e+107,-238
255,8.32332e+107,-238
256,8.32332e+107,-238
257,8.32332e+107,-238
258,8.32332e+107,-238
259,8.32332e+107,-238
260,8.32332e+107,-238
261,8.32332e+107,-238
262,8.32332e+107,-238
263,8.32332e+107,-238
264,8.32332e+107,-238
265,8.32332e+107,-238
266,8.32332e+107,-238
267,8.32332e+107,-238
268,8.32332e+107,-238
269,8.32332e+107,-238
270,8.32332e+107,-238
271,8.32332e+107,-238
272,8.32332e+107,-238
273,8.32332e+107,-238
274,8.32332e+107,-238
275,8.32332e+107,-238
276,8.32332e+107,-238
277,8.32332e+107,-238
278,8.32332e+107,-238
279,8.32332e+107,-238
280,8.32332e+107,-238
281,8.32332e+107,-238
282,8.32332e+107,-238
283,8.32332e+107,-238
284,8.32332e+107,-238
285,8.32332e+107,-238
286,8.32332e+107,-238
287,8.32332e+107,-238
288,8.32332e+107,-238
289,8.32332e+107,-238
290,8.32332e+107,-238
291,8.32332e+107,-238
292,8.32332e+107,-238
293,8.32332e+107,-238
294,8.32332e+107,-238
295,8.32332e+107,-238
296,8.32332e+107,-238
297,8.32332e+107,-238
298,8.32332e+107,-238
299,8.32332e+107,-238
300,8.32332e+107,-238
301,8.32332e+107,-238
302,8.32332e+107,-238
303,8.32332e+107,-238
304,8.32332e+107,-238
305,8.32332e+107,-238
306,8.32332e+107,-238
307,8.32332e+107,-238
308,8.32332e+107,-238
309,8.32332e+107,-238
310,8.32332e+107,-238
311,8.32332e+107,-238
312,8.32332e+107,-238
313,8.32332e+107,-238
314,8.32332e+107,-238
315,8.32332e+107,-238
316,8.32332e+107,-238
317,8.32332e+107,-238
318,8.32332e+107,-238
319,8.32332e+107,-238
320,8.32332e+107,-238
321,8.32332e+107,-238
322,8.32332e+107,-238
323,8.32332e+107,-238
324,8.32332e+107,-238
325,8.32332e+107,-238
326,8.32332e+107,-238
327,8.32332e+107,-238
328,8.32332e+107,-238
329,8.32332e+107,-238
330,8.32332e+107,-238
331,8.32332e+107,-238
332,8.32332e+107,-238
333,8.32332e+107,-238
334,8.32332e+107,-238
335,8.32332e+107,-238
336,8.32332e+107,-238
337,8.32332e+107,-238
338,8.32332e+107,-238
339,8.32332e+107,-238
340,8.32332e+107,-238
341,8.32332e+107,-238
342,8.32332e+107,-238
343,8.32332e+107,-238
344,8.32332e+107,-238
345,8.32332e+107,-238
346,8.32332e+107,-238
347,8.32332e+107,-238
348,8.32332e+107,-238
349,8.32332e+107,-238
350,8.32332e+107,-238
351,8.32332e+107,-238
352,8.32332e+107,-238
353,8.32332e+107,-238
354,8.32332e+107,-238
355,8.32332e+107,-238
356,8.32332e+107,-238
357,8.32332e+107,-238
358,8.32332e+107,-238
359,8.32332e+107,-238
360,8.32332e+107,-238
361,8.32332e+107,-238
362,8.32332e+107,-238
363,8.32332e+107,-238
364,8.32332e+107,-238
365,8.32332e+107,-238
366,8.32332e+107,-238
367,8.32332e+107,-238
368,8.32332e+107,-238
369,8.32332e+107,-238
370,8.32332e+107,-238
371,8.32332e+107,-238
372,8.32332e+107,-238
373,8.32332e+107,-238
374,8.32332e+107,-238
375,8.32332e+107,-238
376,8.32332e+107,-238
377,8.32332e+107,-238
378,8.32332e+107,-238
379,8.32332e+107,-238
380,8.32332e+107,-238
381,8.32332e+107,-238
382,8.32332e+107,-238
383,8.32332e+107,-238
384,8.32332e+107,-238
385,8.32332e+107,-238
386,8.32332e+107,-238
387,8.32332e+107,-238
388,8.32332e+107,-238
389,8.32332e+107,-238
390,8.32332e+107,-238
391,8.32332e+107,-238
392,8.32332e+107,-238
393,8.32332e+107,-238
394,8.32332e+107,-238
395,8.32332e+107,-238
396,8.32332e+107,-238
397,8.32332e+107,-238
398,8.32332e+107,-238
399,8.32332e+107,-238
400,8.32332e+107,-238
401,8.32332e+107,-238
402,8.32332e+107,-238
403,8.32332e+107,-238
404,8.32332e+107,-238
405,8.32332e+107,-238
406,8.32332e+107,-238
407,8.32332e+107,-238
408,8.32332e+107,-238
409,8.32332e+107,-238
410,8.32332e+107,-238
411,8.32332e+107,-238
412,8.32332e+107,-238
413,8.32332e+107,-238
414,8.32332e+107,-238
415,8.32332e+107,-238
416,8.32332e+107,-238
417,8.32332e+107,-238
418,8.32332e+107,-238
419,8.32332e+107,-238
420,8.32332e+107,-238
421,8.32332e+107,-238
422,8.32332e+107,-238
423,8.32332e+107,-238
424,8.32332e+107,-238
425,8.32332e+107,-238
426,8.32332e+107,-238
427,8.32332e+107,-238
428,8.32332e+107,-238
429,8.32332e+107,-238
430,8.32332e+107,-238
431,8.32332e+107,-238
432,8.32332e+107,-238
433,8.32332e+107,-238
434,8.32332e+107,-238
435,8.32332e+107,-238
436,8.32332e+107,-238
437,8.32332e+107,-238
438,8.32332e+107,-238
439,8.32332e+107,-238
440,8.32332e+107,-238
441,8.32332e+107,-238
442,8.32332e+107,-238
443,8.32332e+107,-238
444,8.32332e+107,-238
445,8.32332e+107,-238
446,8.32332e+107,-238
447,8.32332e+107,-238
448,8.32332e+107,-238
449,8.32332e+107,-238
450,8.32332e+107,-238
451,8.32332e+107,-238
452,8.32332e+107,-238
453,8.32332e+107,-238
454,8.32332e+107,-238
455,8.32332e+107,-238
456,8.32332e+107,-238
457,8.32332e+107,-238
458,8.32332e+107,-238
459,8.32332e+107,-238
460,8.32332e+107,-238
461,8.32332e+107,-238
462,8.32332e+107,-238
463,8.32332e+107,-238
464,8.32332e+107,-238
465,8.32332e+107,-238
466,8.32332e+107,-238
467,8.32332e+107,-238
468,8.32332e+107,-238
469,8.32332e+107,-238
470,8.32332e+107,-238
471,8.32332e+107,-238
472,8.32332e+107,-238
473,8.32332e+107,-238
474,8.32332e+107,-238
475,8.32332e+107,-238
476,8.32332e+107,-238
477,8.32332e+107,-238
478,8.32332e+107,-238
479,8.32332e+107,-238
480,8.32332e+107,-238
481,8.32332e+107,-238
482,8.32332e+107,-238
483,8.32332e+107,-238
484,8.32332e+107,-238
485,8.32332e+107,-238
486,8.32332e+107,-238
487,8.32332e+107,-238
488,8.32332e+107,-238
489,8.32332e+107,-238
490,8.32332e+107,-238
491,8.32332e+107,-238
492,8.32332e+107,-238
493,8.32332e+107,-238
494,8.32332e+107,-238
495,8.32332e+107,-238
496,8.32332e+107,-238
497,8.32332e+107,-238
498,8.32332e+107,-238
499,8.32332e+107,-238
500,8.32332e+107,-238
501,8.32332e+107,-238
502,8.32332e+107,-238
503,8.32332e+107,-238
504,8.32332e+107,-238
505,8.32332e+107,-238
506,8.32332e+107,-238
507,8.32332e+107,-238
508,8.32332e+107,-238
509,8.32332e+107,-238
510,8.32332e+107,-238
511,8.32332e+107,-238
512,8.32332e+107,-238
513,8.32332e+107,-238
514,8.32332e+107,-238
515,8.32332e+107,-238
516,8.32332e+107,-238
517,8.32332e+107,-238
518,8.32332e+107,-238
519,8.32332e+107,-238
520,8.32332e+107,-238
521,8.32332e+107,-238
522,8.32332e+107,-238
523,8.32332e+107,-238
524,8.32332e+107,-238
525,8.32332e+107,-238
526,8.32332e+107,-238
527,8.32332e+107,-238
528,8.32332e+107,-238
529,8.32332e+107,-238
530,8.32332e+107,-238
531,8.32332e+107,-238
532,8.32332e+107,-238
533,8.32332e+107,-238
534,8.32332e+107,-238
535,8.32332e+107,-238
536,8.32332e+107,-238
537,8.32332e+107,-238
538,8.32332e+107,-238
539,8.32332e+107,-238
540,8.32332e+107,-238
541,8.32332e+107,-238
542,8.32332e+107,-238
543,8.32332e+107,-238
544,8.32332e+107,-238
545,8.32332e+107,-238
546,8.32332e+107,-238
547,8.32332e+107,-238
548,8.32332e+107,-238
549,8.32332e+107,-238
550,8.32332e+107,-238
551,8.32332e+107,-238
552,8.32332e+107,-238
553,8.32332e+107,-238
554,8.32332e+107,-238
555,8.32332e+107,-238
556,8.32332e+107,-238
557,8.32332e+107,-238
558,8.32332e+107,-238
559,8.32332e+107,-238
560,8.32332e+107,-238
561,8.32332e+107,-238
562,8.32332e+107,-238
563,8.32332e+107,-238
564,8.32332e+107,-238
565,8.32332e+107,-238
566,8.32332e+107,-238
567,8.32332e+107,-238
568,8.32332e+107,-238
569,8.32332e+107,-238
570,8.32332e+107,-238
571,8.32332e+107,-238
572,8.32332e+107,-238
573,8.32332e+107,-238
574,8.32332e+107,-238
575,8.32332e+107,-238
576,8.32332e+107,-238
577,8.32332e+107,-238
578,8.32332e+107,-238
579,8.32332e+107,-238
580,8.32332e+107,-238
581,8.32332e+107,-238
582,8.32332e+107,-238
583,8.32332e+107,-238
584,8.32332e+107,-238
585,8.32332e+107,-238
586,8.32332e+107,-238
587,8.32332e+107,-238
588,8.32332e+107,-238
589,8.32332e+107,-238
590,8.32332e+107,-238
591,8.32332e+107,-238
592,8.32332e+107,-238
593,8.32332e+107,-238
594,8.32332e+107,-238
595,8.32332e+107,-238
596,8.32332e+107,-238
597,8.32332e+107,-238
598,8.32332e+107,-238
599,8.32332e+107,-238
600,8.32332e+107,-238
601,8.32332e+107,-238
602,8.32332e+107,-238
603,8.32332e+107,-238
604,8.32332e+107,-238
605,8.32332e+107,-238
606,8.32332e+107,-238
607,8.32332e+107,-238
608,8.32332e+107,-238
609,8.32332e+107,-238
610,8.32332e+107,-238
611,8.32332e+107,-238
612,8.32332e+107,-238
613,8.32332e+107,-238
614,8.32332e+107,-238
615,8.32332e+107,-238
616,8.32332e+107,-238
617,8.32332e+107,-238
618,8.32332e+107,-238
619,8.32332e+107,-238
620,8.32332e+107,-238
621,8.32332e+107,-238
622,8.32332e+107,-238
623,8.32332e+107,-238
624,8.32332e+107,-238
625,8.32332e+107,-238
626,8.32332e+107,-238
627,8.32332e+107,-238
628,8.32332e+107,-238
629,8.32332e+107,-238
630,8.32332e+107,-238
631,8.32332e+107,-238
632,8.32332e+107,-238
633,8.32332e+107,-238
634,8.32332e+107,-238
635,8.32332e+107,-238
636,8.32332e+107,-238
637,8.32332e+107,-238
638,8.32332e+107,-238
639,8.32332e+107,-238
640,8.32332e+107,-238
641,8.32332e+107,-238
642,8.32332e+107,-238
643,8.32332e+107,-238
644,8.32332e+107,-238
645,8.32332e+107,-238
646,8.32332e+107,-238
647,8.32332e+107,-238
648,8.32332e+107,-238
649,8.32332e+107,-238
650,8.32332e+107,-238
651,8.32332e+107,-238
652,8.32332e+107,-238
653,8.32332e+107,-238
654,8.32332e+107,-238
655,8.32332e+107,-238
656,8.32332e+107,-238
657,8.32332e+107,-238
658,8.32332e+107,-238
659,8.32332e+107,-238
660,8.32332e+107,-238
661,8.32332e+107,-238
662,8.32332e+107,-238
663,8.32332e+107,-238
664,8.32332e+107,-238
665,8.32332e+107,-238
666,8.32332e+107,-238
667,8.32332e+107,-238
668,8.32332e+107,-238
669,8.32332e+107,-238
670,8.32332e+107,-238
671,8.32332e+107,-238
672,8.32332e+107,-238
673,8.32332e+107,-238
674,8.32332e+107,-238
675,8.32332e+107,-238
676,8.32332e+107,-238
677,8.32332e+107,-238
678,8.32332e+107,-238
679,8.32332e+107,-238
680,8.32332e+107,-238
681,8.32332e+107,-238
682,8.32332e+107,-238
683,8.32332e+107,-238
684,8.32332e+107,-238
685,8.32332e+107,-238
686,8.32332e+107,-238
687,8.32332e+107,-238
688,8.32332e+107,-238
689,8.32332e+107,-238
690,8.32332e+107,-238
691,8.32332e+107,-238
692,8.32332e+107,-238
693,8.32332e+107,-238
694,8.32332e+107,-238
695,8.32332e+107,-238
696,8.32332e+107,-238
697,8.32332e+107,-238
698,8.32332e+107,-238
699,8.32332e+107,-238
700,8.32332e+107,-238
701,8.32332e+107,-238
702,8.32332e+107,-238
703,8.32332e+107,-238
704,8.32332e+107,-238
705,8.32332e+107,-238
706,8.32332e+107,-238
707,8.32332e+107,-238
708,8.32332e+107,-238
709,8.32332e+107,-238
710,8.32332e+107,-238
711,8.32332e+107,-238
712,8.32332e+107,-238
713,8.32332e+107,-238
714,8.32332e+107,-238
715,8.32332e+107,-238
716,8.32332e+107,-238
717,8.32332e+107,-238
718,8.32332e+107,-238
719,8.32332e+107,-238
720,8.32332e+107,-238
721,8.32332e+107,-238
722,8.32332e+107,-238
723,8.32332e+107,-238
724,8.32332e+107,-238
725,8.32332e+107,-238
726,8.32332e+107,-238
727,8.32332e+107,-238
728,8.32332e+107,-238
729,8.32332e+107,-238
730,8.32332e+107,-238
731,8.32332e+107,-238
732,8.32332e+107,-238
733,8.32332e+107,-238
734,8.32332e+107,-238
735,8.32332e+107,-238
736,8.32332e+107,-238
737,8.32332e+107,-238
738,8.32332e+107,-238
739,8.32332e+107,-238
740,8.32332e+107,-238
741,8.32332e+107,-238
742,8.32332e+107,-238
743,8.32332e+107,-238
744,8.32332e+107,-238
745,8.32332e+107,-238
746,8.32332e+107,-238
747,8.32332e+107,-238
748,8.32332e+107,-238
749,8.32332e+107,-238
750,8.32332e+107,-238
751,8.32332e+107,-238
752,8.32332e+107,-238
753,8.32332e+107,-238
754,8.32332e+107,-238
755,8.32332e+107,-238
756,8.32332e+107,-238
