Temperature 1e+23
config,energy,magnetism
0,-635985,160
1,2.80073e+06,36
2,2.56974e+06,46
3,-1.97308e+06,-46
4,-891315,88
5,-32516,-84
6,4.31863e+06,-82
7,1.64288e+06,-86
8,797601,46
9,2.41039e+06,192
10,2.8247e+06,-142
11,-743075,116
12,-3.14988e+06,-84
13,1.08951e+06,-230
14,2.23345e+06,30
15,1.89256e+06,56
16,-1.06188e+06,132
17,1.94234e+06,-90
18,-3.23294e+06,82
19,1.78382e+06,116
20,909809,-44
21,-219278,-14
22,2.69829e+06,-20
23,-2.0554e+06,160
24,527589,86
25,1.49867e+06,-166
26,270260,-10
27,1.4008e+06,16
28,2.41155e+06,192
29,-212682,170
30,-2.27242e+06,-58
31,-984231,86
32,5.82433e+06,226
33,2.52102e+06,-26
34,1.57092e+06,22
35,1.77476e+06,-152
36,3.90888e+06,-158
37,2.10788e+06,70
38,4.02414e+06,6
39,2.92748e+06,-56
40,4.72841e+06,-34
41,83378,98
42,2.63039e+06,-26
43,2.11038e+06,-68
44,3.09438e+06,22
45,239476,-124
46,385476,-42
47,110345,134
48,2.24214e+06,34
49,4.8327e+06,-76
50,3.5768e+06,-118
51,644525,-46
52,2.06072e+06,-98
53,1.29097e+06,8
54,-953378,146
55,-846113,126
56,89160,108
57,1.67424e+06,-196
58,-1.89726e+06,-72
59,-2.86811e+06,116
60,330744,-70
61,3.64912e+06,32
62,-2.60147e+06,-6
63,905623,-106
64,3.0845e+06,20
65,-613003,146
66,2.63822e+06,14
67,163230,104
68,1.11008e+06,182
69,1.15597e+06,86
70,2.5571e+06,-10
71,443440,-44
72,2.40388e+06,104
73,2.18035e+06,54
74,887104,30
75,1.84584e+06,-20
76,25065,42
77,828596,8
78,-873413,-26
79,84141,-212
80,1.66766e+06,114
81,1.33487e+06,-12
82,-1.31199e+06,-94
83,-1.14673e+06,-22
84,4.21581e+06,-204
85,-1.51909e+06,-164
86,217298,-52
87,4.03085e+06,60
88,1.79504e+06,-84
89,-625682,-2
90,859221,26
91,-908384,56
92,-2.03108e+06,-60
93,640812,54
94,636908,14
95,5.32608e+06,32
96,3.28327e+06,-166
97,872332,176
98,893041,-28
99,2.67782e+06,36
100,3.43256e+06,-8
101,-182235,-100
102,3.54364e+06,56
103,741829,78
104,-659253,-116
105,-2.94751e+06,-188
106,1.32088e+06,24
107,2.18243e+06,-54
108,2.44229e+06,70
109,1.18227e+06,-88
110,431215,-142
111,788323,-74
112,2.17457e+06,26
113,1.61016e+06,34
114,-1.5442e+06,-128
115,2.09132e+06,-158
116,-142279,-160
117,-1.02179e+06,142
118,1.45357e+06,292
119,48077,38
120,1.00719e+06,18
121,-3.58162e+06,-26
122,-1.86954e+06,186
123,-48665,-104
124,-1.3989e+06,-90
125,3.03616e+06,8
126,1.60433e+06,-36
127,-807397,-104
128,511945,34
129,2.28445e+06,4
130,807899,-6
131,-1.03008e+06,-18
132,3.44049e+06,-134
133,1.67289e+06,-38
134,3.69821e+06,118
135,-4.97471e+06,-72
136,-2.38999e+06,38
137,-167137,36
138,5.4729e+06,-10
139,350613,-56
140,2.53306e+06,-46
141,2.98905e+06,60
142,1.81274e+06,8
143,956561,-118
144,1.80081e+06,156
145,-584169,-12
146,3.84119e+06,90
147,2.20051e+06,154
148,-793689,-22
149,858335,10
150,3.11805e+06,158
151,-783711,-98
152,124265,28
153,1.38291e+06,-226
154,1.56038e+06,74
155,-2.42204e+06,-62
156,-512763,160
157,139479,184
158,1.43806e+06,120
159,-230409,36
160,-625291,-66
161,472528,-16
162,1.39461e+06,-14
163,2.34641e+06,-58
164,5.62843e+06,10
165,1.16733e+06,50
166,-1.43791e+06,236
167,1.48308e+06,38
168,2.65496e+06,-94
169,587625,124
170,1.56825e+06,-26
171,2.51059e+06,-74
172,2.6787e+06,-54
173,1.44343e+06,240
174,-185021,196
175,7.04707e+06,60
176,2.48258e+06,-56
177,1.94928e+06,8
178,2.45898e+06,-56
179,3.01478e+06,78
180,1.06743e+06,-78
181,116215,-200
182,3.00518e+06,-152
183,523597,-12
184,5.11996e+06,-42
185,3.68002e+06,130
186,3.9962e+06,-98
187,1.81348e+06,-40
188,-1.0509e+06,14
189,-3.72553e+06,-20
190,3.39431e+06,-154
191,-1.48981e+06,110
192,-1.01244e+06,24
193,1.72952e+06,46
194,-981826,-10
195,-469869,-102
196,-1.22866e+06,-100
197,1.71574e+06,6
198,4.15936e+06,-124
199,464487,128
200,1.02577e+06,28
201,1.34281e+06,-12
202,1.96103e+06,2
203,3.54835e+06,164
204,365077,12
205,3.6054e+06,162
206,5.22098e+06,72
207,707637,54
208,1.31368e+06,-52
209,1.20512e+06,32
210,4.82309e+06,76
211,1.50316e+06,-134
212,1.98172e+06,-74
213,2.61824e+06,14
214,1.65241e+06,-222
215,2.9012e+06,48
216,3.80732e+06,20
217,2.87159e+06,98
218,1.402e+06,-104
219,515873,34
220,-28385,-112
221,-2.6401e+06,-40
222,-1.50906e+06,-70
223,1.53352e+06,54
224,2.18392e+06,-108
225,-437953,274
226,3.46039e+06,76
227,2.04623e+06,-42
228,2.15047e+06,86
229,1.40306e+06,-46
230,47451,50
231,879223,44
232,1.61402e+06,-136
233,4.43764e+06,26
234,2.00968e+06,-160
235,2.69913e+06,102
236,1.45924e+06,-96
237,3.46293e+06,64
238,3.2634e+06,18
239,1.69448e+06,32
240,2.32857e+06,120
241,279603,194
242,-1.42265e+06,-34
243,-915929,90
244,3.94256e+06,58
245,824490,112
246,-2.58778e+06,86
247,-439259,144
248,-1.43048e+06,38
249,2.67225e+06,62
250,882719,-36
251,1.9218e+06,-70
252,1.291e+06,60
253,3.52869e+06,-114
254,2.48286e+06,-164
255,7693,-156
256,310851,10
257,-150731,-78
258,633733,52
259,1.47516e+06,-104
260,2.90538e+06,108
261,-1.00322e+06,-146
262,-2.72562e+06,-104
263,1.31422e+06,-42
264,-207697,-118
265,7.37997e+06,96
266,1.86641e+06,-54
267,751224,80
268,316390,-62
269,1.22092e+06,46
270,-1.35951e+06,-56
271,1.45958e+06,38
272,-2.49294e+06,20
273,-394189,-78
274,1.48864e+06,-128
275,4.42215e+06,-12
276,1.01684e+06,-172
277,-1.88204e+06,-136
278,1.58261e+06,48
279,346697,6
280,1.70461e+06,0
281,-63331,-6
282,-599781,74
283,4.12626e+06,-78
284,-3.96224e+06,-24
285,3.1732e+06,62
286,937827,46
287,720939,-64
288,2.9042e+06,62
289,4.76919e+06,22
290,2.33777e+06,-26
291,1.90234e+06,-272
292,2.25212e+06,178
293,3.1434e+06,122
294,2.17469e+06,60
295,355713,-232
296,4.87669e+06,-98
297,1.25541e+06,-86
298,53023,-6
299,3.10393e+06,-102
300,2.65248e+06,146
301,1.56274e+06,8
302,2.07681e+06,-80
303,284703,-124
304,2.85332e+06,-6
305,1.60109e+06,-62
306,-945853,-8
307,421161,-26
308,1.17326e+06,-186
309,2.33716e+06,28
310,2.19376e+06,140
311,-2.23978e+06,-148
312,4.80169e+06,24
313,2.0571e+06,-148
314,678155,-44
315,620929,226
316,2.56419e+06,-176
317,3.18482e+06,-80
318,648635,-92
319,-978935,130
320,-1.84818e+06,60
321,-1.43522e+06,-62
322,-236981,-96
323,-558327,-88
324,1.3007e+06,-102
325,-2.28107e+06,76
326,19845,-68
327,3.17919e+06,72
328,2.11412e+06,-88
329,1.9509e+06,2
330,-670231,-124
331,-1.17107e+06,-68
332,1.25545e+06,290
333,1.49427e+06,-280
334,-1.69036e+06,24
335,2.09026e+06,-42
336,4.77041e+06,-158
337,448759,16
338,1.95176e+06,32
339,961395,-44
340,1.55897e+06,250
341,1.76127e+06,-20
342,1.93107e+06,-92
343,2.18586e+06,-16
344,3.15116e+06,38
345,1.02447e+06,-154
346,713701,42
347,3.46549e+06,94
348,1.15845e+06,96
349,1.03476e+06,56
350,3.10148e+06,22
351,2.29786e+06,-90
352,-106965,-138
353,1.67391e+06,58
354,1.22481e+06,-116
355,1.88697e+06,-96
356,1.39361e+06,-90
357,-1.4891e+06,130
358,1.25806e+06,40
359,-2.22546e+06,-148
360,4.05707e+06,-184
361,609507,150
362,4.42243e+06,-110
363,1.92964e+06,90
364,4.53308e+06,-30
365,1.34475e+06,-56
366,-1.12517e+06,56
367,3.32623e+06,-48
368,-258890,-60
369,901266,176
370,-670905,-58
371,2.1785e+06,180
372,-508745,84
373,2.95816e+06,2
374,869335,12
375,151903,-156
376,2.31295e+06,-102
377,895545,72
378,466269,-16
379,373603,54
380,-531665,12
381,2.70362e+06,82
382,1.64558e+06,-32
383,586765,-46
384,264486,90
385,3.565e+06,8
386,128601,40
387,1.16371e+06,106
388,787991,88
389,-1.23143e+06,2
390,-881977,-142
391,2.15324e+06,-80
392,445201,-44
393,1.65342e+06,128
394,1.22695e+06,30
395,-1.62256e+06,0
396,-468595,-98
397,4.03555e+06,-18
398,540589,-44
399,1.77966e+06,-156
400,589282,-34
401,-1.31777e+06,64
402,3.70597e+06,18
403,-995657,-132
404,321343,-102
405,4.16689e+06,-172
406,-1.86607e+06,-26
407,-1.0313e+06,-72
408,-547353,114
409,-1.08548e+06,144
410,1.50222e+06,-58
411,2.39784e+06,-220
412,913505,116
413,2.577e+06,-88
414,305197,-58
415,719619,-118
416,1.377e+06,136
417,-1.34835e+06,2
418,1.99131e+06,54
419,5.01583e+06,104
420,1.13312e+06,90
421,2.36403e+06,90
422,502099,-32
423,1.6321e+06,120
424,3.33376e+06,8
425,-2.82026e+06,62
426,926251,30
427,968767,-130
428,1.16944e+06,-124
429,2.64311e+06,14
430,-2.52269e+06,-32
431,-767733,-146
432,-1.2534e+06,94
433,2.1135e+06,102
434,1.41589e+06,8
435,-871719,194
436,1.71546e+06,18
437,-1.22313e+06,-28
438,-973565,102
439,1.66734e+06,-44
440,3.30956e+06,-6
441,2.6055e+06,36
442,2.11499e+06,-20
443,2.63805e+06,40
444,622271,-108
445,17127,-10
446,-460011,-140
447,2.62986e+06,152
448,492969,-2
449,1.87962e+06,-72
450,-2.32803e+06,34
451,-1.84949e+06,186
452,4.70267e+06,120
453,-1.93426e+06,-66
454,-22819,66
455,1.45539e+06,-14
456,-1.16885e+06,-68
457,53475,24
458,653179,92
459,5.6443e+06,-120
460,2.37222e+06,66
461,-876811,294
462,2.84361e+06,54
463,2.60107e+06,-74
464,1.83864e+06,-46
465,-1.11911e+06,80
466,3.70132e+06,104
467,3.96758e+06,20
468,490813,-198
469,-2.12116e+06,-102
470,1.96814e+06,74
471,977727,-158
472,3.18541e+06,-68
473,903774,-100
474,-160651,-66
475,-243881,76
476,524625,236
477,-442809,146
478,146391,-14
479,-314113,50
480,2.55952e+06,-218
481,1.01982e+06,-16
482,-3.15515e+06,88
483,-185627,124
484,-1.59304e+06,-98
485,1.78735e+06,18
486,5.88968e+06,-52
487,2.27959e+06,-138
488,1.3394e+06,96
489,619565,40
490,2.54843e+06,28
491,2.42894e+06,-18
492,-3.20753e+06,164
493,-307429,8
494,-716331,8
495,2.64097e+06,-138
496,142629,-108
497,2.0386e+06,-100
498,2.2835e+06,4
499,1.06616e+06,-20
500,-233960,-154
501,2.05094e+06,-8
502,5.04404e+06,-40
503,-789619,36
504,1.50239e+06,-98
505,-2.1362e+06,-196
506,-914401,-92
507,-2.07881e+06,-42
508,-847937,-108
509,-141745,-104
510,-574563,-58
511,-1.90788e+06,28
512,677667,156
513,220381,-80
514,935507,12
515,-1.87858e+06,-148
516,2.19434e+06,-164
517,1.00404e+06,-206
518,14307,-102
519,-2.74639e+06,-82
520,1.78874e+06,140
521,2.54402e+06,-232
522,513659,222
523,1.53769e+06,-148
524,-1.60763e+06,-102
525,2.54691e+06,90
526,2.10543e+06,-22
527,-1.0431e+06,-66
528,88069,304
529,2.89314e+06,224
530,1.88876e+06,12
531,797357,-48
532,-753201,-176
533,2.53711e+06,-86
534,-629533,128
535,-1.88989e+06,-48
536,3.17596e+06,-30
537,-1.79392e+06,-184
538,2.82708e+06,-12
539,925859,-32
540,3.1762e+06,-30
541,832393,64
542,3.11885e+06,100
543,-99667,-104
544,-861491,-26
545,2.22929e+06,-38
546,-1.6313e+06,14
547,4.47273e+06,-168
548,-2.25176e+06,16
549,2.31938e+06,142
550,-48479,-152
551,1.57748e+06,30
552,2.39336e+06,108
553,-522513,-88
554,2.413e+06,0
555,728659,104
556,-2.65923e+06,-198
557,-2.1184e+06,-64
558,-549030,-194
559,279450,-56
560,1.21709e+06,12
561,1.30295e+06,92
562,1.27112e+06,-24
563,48006,-16
564,3.16852e+06,40
565,4.92968e+06,32
566,850413,-2
567,2.88445e+06,-106
568,-1.02669e+06,36
569,711177,130
570,167581,98
571,2.25652e+06,-126
572,1.02622e+06,136
573,-270709,0
574,-20962,-60
575,-5.06e+06,-118
576,-237461,84
577,-422023,-154
578,994571,138
579,1.67188e+06,-164
580,1.18261e+06,-60
581,4.02783e+06,170
582,3.66633e+06,82
583,272002,52
584,4.80446e+06,-50
585,3.41408e+06,118
586,2.62829e+06,24
587,3.07848e+06,68
588,-845791,-4
589,3.12924e+06,76
590,2.83529e+06,-2
591,1.26066e+06,-18
592,3.4434e+06,8
593,1.61954e+06,-48
594,2.76988e+06,-148
595,-2.18973e+06,-32
596,69503,-44
597,2.27865e+06,-142
598,-605531,42
599,463231,86
600,5.48604e+06,2
601,-606365,46
602,1.52434e+06,50
603,2.74227e+06,-82
604,3.61047e+06,-94
605,1.93994e+06,78
606,102793,-234
607,-523557,128
608,-944328,-66
609,2.08986e+06,106
610,-1.05674e+06,64
611,-2.80231e+06,92
612,1.45375e+06,-4
613,-4.81598e+06,-64
614,-593939,-216
615,-1.8111e+06,30
616,1.30758e+06,158
617,143123,-58
618,697321,6
619,2.70838e+06,-44
620,5.02677e+06,6
621,-1.23674e+06,42
622,-3.34374e+06,68
623,-562331,-18
624,2.00898e+06,-8
625,-1.06857e+06,44
626,6.05975e+06,-86
627,3.92844e+06,-112
628,2.66284e+06,-2
629,771603,-90
630,2.98716e+06,140
631,5.84955e+06,-86
632,-1.41372e+06,-46
633,2.18445e+06,110
634,-210593,94
635,2.59918e+06,-84
636,38397,-44
637,1.50525e+06,-102
638,189648,48
639,1.3243e+06,-24
640,-2.55081e+06,62
641,-1.84014e+06,-88
642,-373273,-134
643,3.3049e+06,-62
644,-77403,76
645,2.24624e+06,146
646,-350949,-162
647,4.19554e+06,-6
648,1.99729e+06,-60
649,-489273,34
650,3.09043e+06,48
651,2.9932e+06,-72
652,-3.02036e+06,40
653,2.39556e+06,-120
654,-1.28372e+06,74
655,323387,98
656,-1.76126e+06,-32
657,-1.28684e+06,10
658,-260825,160
659,-332473,32
660,3.44063e+06,36
661,3.90084e+06,-54
662,3.85351e+06,-128
663,1.57213e+06,-24
664,2.8236e+06,-82
665,652899,-102
666,-461999,10
667,800791,120
668,1.59822e+06,-274
669,5.21039e+06,6
670,-480857,80
671,828891,124
672,464807,-52
673,2.76014e+06,168
674,1.37384e+06,54
675,7.16885e+06,26
676,820841,-128
677,125710,172
678,237230,22
679,5.55888e+06,-166
680,2.14886e+06,-136
681,481145,118
682,1.38847e+06,-108
683,1.77436e+06,-22
684,-1.97002e+06,72
685,1.6701e+06,-14
686,2.1957e+06,74
687,-337709,-132
688,-1.02885e+06,46
689,415997,172
690,-359835,-114
691,-108527,-6
692,2.5406e+06,-4
693,4.90266e+06,106
694,1.15383e+06,-36
695,2.95876e+06,-148
696,-181419,138
697,1.11277e+06,60
698,-217372,-128
699,-1.4867e+06,-112
700,-2.68783e+06,-104
701,1.65612e+06,42
702,898341,-84
703,-490711,86
704,828957,68
705,2.67662e+06,-70
706,-1.1728e+06,-32
707,1.31008e+06,106
708,1.91343e+06,-190
709,5.61464e+06,-122
710,-204369,96
711,-457231,-112
712,3.87984e+06,22
713,2.56679e+06,-16
714,1.33552e+06,162
715,1.63804e+06,-14
716,-1.18033e+06,-90
717,3.72456e+06,-52
718,2.68783e+06,298
719,386841,82
720,2.96052e+06,-146
721,-491511,-32
722,-263477,126
723,-180376,74
724,522915,-96
725,-84785,22
726,-51298,-110
727,933537,128
728,2.49649e+06,-8
729,2.56555e+06,186
730,4.39786e+06,-80
731,5.6101e+06,154
732,1.53983e+06,-70
733,-1.00513e+06,88
734,1.11542e+06,110
735,-1.50284e+06,26
736,731709,-30
737,5.58969e+06,-26
738,-81473,20
739,1.2623e+06,-30
740,484445,262
741,1.30877e+06,10
742,2.68734e+06,44
743,2.66092e+06,-120
744,470879,84
745,3.05904e+06,126
746,580607,82
747,676159,-38
748,3.66427e+06,28
749,2.67681e+06,-44
750,589509,8
751,-3.98542e+06,-10
752,-1.36486e+06,-160
753,476603,-48
754,1.29693e+06,-30
755,4.44576e+06,-68
756,2.86061e+06,-28
757,-1.25849e+06,6
758,4.51858e+06,-148
759,3.36079e+06,128
760,-2.06154e+06,124
761,1.36964e+06,-162
762,3.75325e+06,-98
763,1.772e+06,-88
764,776439,48
765,2.30518e+06,-148
766,1.19753e+06,12
767,-2.46892e+06,-66
768,483667,6
769,-1.13586e+06,68
770,2.01624e+06,146
771,2.63645e+06,12
772,2.79942e+06,134
773,1.03389e+06,204
774,-158025,14
775,3.18712e+06,-16
776,-991471,-70
777,649312,-30
778,692305,66
779,1.43535e+06,-42
780,245055,28
781,3.50331e+06,-6
782,2.17198e+06,144
783,842651,44
784,1.22038e+06,18
785,1.17522e+06,60
786,1.96788e+06,-46
787,224155,194
788,450337,-120
789,4.51372e+06,74
790,-298445,24
791,90915,-86
792,3.75505e+06,22
793,1.12614e+06,30
794,385087,38
795,2.56471e+06,-194
796,436225,266
797,608070,16
798,587929,72
799,2.24122e+06,-188
800,5.23653e+06,52
801,947265,2
802,2.57349e+06,-26
803,-983435,114
804,3.47074e+06,-88
805,2.24846e+06,-58
806,4.16644e+06,88
807,1.40353e+06,138
808,-414889,152
809,2.07797e+06,6
810,815641,12
811,2.23156e+06,-10
812,1.11402e+06,-72
813,4.77214e+06,96
814,-1.97376e+06,44
815,1.11182e+06,-8
816,-781031,-110
817,-3.07879e+06,22
818,1.09355e+06,-38
819,-3.1743e+06,-48
820,-3.57185e+06,64
821,-1.7562e+06,-278
822,566135,6
823,-1.01971e+06,-24
824,-624759,-86
825,-2.82948e+06,-10
826,3.18128e+06,54
827,1.33674e+06,-68
828,-142803,-10
829,441299,-102
830,-136755,22
831,-93984,186
832,2.11027e+06,-18
833,-3.27613e+06,-82
834,1.77353e+06,-140
835,224245,64
836,-2.54436e+06,-166
837,4.31276e+06,-150
838,3.40536e+06,-94
839,1.90154e+06,-240
840,944103,-50
841,642841,84
842,2.1552e+06,60
843,2.61788e+06,168
844,4707,-256
845,1.50083e+06,44
846,-178181,122
847,1.03808e+06,78
848,3.93196e+06,176
849,586087,190
850,-27753,-68
851,298391,0
852,899034,-136
853,3.44164e+06,-62
854,1.42488e+06,-84
855,-375671,-124
856,1.2115e+06,-8
857,2.4906e+06,-8
858,-1.30337e+06,-80
859,-2.30944e+06,-98
860,411921,-40
861,-1.8734e+06,112
862,-34511,-44
863,4.87198e+06,-214
864,487419,-70
865,-2.06028e+06,-246
866,3.04108e+06,-76
867,131808,46
868,630165,244
869,3.63345e+06,-64
870,4.25432e+06,18
871,2.95592e+06,-88
872,-204373,50
873,5.23361e+06,-30
874,-797063,60
875,3.17983e+06,150
876,3.67662e+06,-50
877,1.35369e+06,-8
878,638783,116
879,360513,-42
880,337145,186
881,-671781,130
882,-3.16956e+06,160
883,4.27726e+06,-34
884,1.52143e+06,-30
885,-2.98241e+06,100
886,2.60825e+06,38
887,3.62424e+06,4
888,-2.07976e+06,110
889,-1.43434e+06,-122
890,3.02383e+06,94
891,305457,-140
892,-232225,-58
893,2.40947e+06,-102
894,2.14945e+06,-138
895,5.09374e+06,178
896,5.19408e+06,-26
897,2.62273e+06,86
898,-782975,244
899,446943,-2
900,1.06516e+06,-8
901,2.31961e+06,100
902,2.44964e+06,10
903,-1.01004e+06,0
904,992981,-66
905,-149709,-32
906,-318115,66
907,3.51308e+06,-36
908,1.06828e+06,76
909,3.38997e+06,44
910,20440,36
911,3.83993e+06,-34
912,5.26208e+06,-76
913,3.04561e+06,50
914,-3.28597e+06,-20
915,-668975,4
916,613508,-26
917,423863,20
918,-841573,104
919,-731123,144
920,-1.20139e+06,-56
921,-2.57007e+06,48
922,2.62898e+06,-174
923,-1.61048e+06,-24
924,870743,194
925,-687511,42
926,-1.87655e+06,54
927,2.50927e+06,-52
928,-463103,-44
929,315432,52
930,3.52916e+06,-6
931,1.8642e+06,-142
932,3.49977e+06,-154
933,-568177,58
934,3.37187e+06,-60
935,1.88337e+06,66
936,1.6682e+06,-82
937,1.19944e+06,114
938,3.01693e+06,214
939,3.07286e+06,-78
940,6.47006e+06,32
941,506251,116
942,4.18798e+06,-106
943,-1.51592e+06,94
944,2.15571e+06,-90
945,2.35432e+06,190
946,4.59294e+06,56
947,3.50499e+06,-32
948,4.11986e+06,-90
949,2.35596e+06,-76
950,1.09759e+06,-26
951,142062,-22
952,4.24068e+06,2
953,995595,-44
954,1.43831e+06,-18
955,2.39332e+06,-160
956,1.71702e+06,106
957,1.69423e+06,-34
958,3.74877e+06,8
959,-737757,-66
960,2.34572e+06,42
961,-618197,36
962,-547661,-12
963,4.06017e+06,90
964,2.22509e+06,170
965,4.86307e+06,150
966,1.35632e+06,-84
967,-1.68235e+06,110
968,3.02806e+06,-24
969,354963,-38
970,-2.27544e+06,34
971,2.69032e+06,-36
972,993553,-38
973,1.66653e+06,18
974,2.30829e+06,30
975,-267687,-22
976,-984085,-44
977,1.88742e+06,-180
978,2.53502e+06,150
979,-907368,28
980,2.53763e+06,-98
981,-1.9855e+06,218
982,-1.2582e+06,-8
983,2.94092e+06,-162
984,759183,212
985,2.23577e+06,124
986,341216,58
987,-2.69826e+06,108
988,353615,68
989,135687,-66
990,4.00534e+06,-108
991,1.65561e+06,-44
992,147277,-154
993,977423,-54
994,-2.16887e+06,-32
995,5.64136e+06,36
996,-1.17402e+06,-44
997,2.60412e+06,-96
998,-2.73204e+06,38
999,104999,88
