Temperature 0
config,energy,magnetism
0,-1.49543e+08,162
1,-1.01138e+08,-14
2,-9.83514e+07,58
3,-1.04503e+08,-148
4,-1.0293e+08,116
5,-9.94255e+07,-54
6,-9.80156e+07,-82
7,-1.01351e+08,18
8,-9.93145e+07,-4
9,-9.83635e+07,122
10,-1.02014e+08,-38
11,-9.77017e+07,-22
12,-1.05524e+08,-10
13,-1.00088e+08,-276
14,-1.00017e+08,-114
15,-9.89019e+07,140
16,-1.0364e+08,162
17,-1.00451e+08,-80
18,-1.05204e+08,24
19,-1.02819e+08,68
20,-1.00222e+08,-20
21,-9.64072e+07,-8
22,-9.88838e+07,20
23,-1.05434e+08,76
24,-9.95029e+07,52
25,-9.94541e+07,-156
26,-9.98664e+07,-12
27,-1.00469e+08,102
28,-9.8509e+07,198
29,-1.00396e+08,50
30,-1.02725e+08,-42
31,-1.03764e+08,48
32,-9.59593e+07,226
33,-9.69544e+07,-24
34,-9.89521e+07,66
35,-1.03374e+08,34
36,-9.6799e+07,-132
37,-9.68959e+07,46
38,-9.74692e+07,-4
39,-9.89715e+07,18
40,-9.95708e+07,76
41,-1.01e+08,-80
42,-1.01018e+08,-68
43,-9.98554e+07,-130
44,-9.90302e+07,-4
45,-1.02379e+08,-106
46,-9.99471e+07,-56
47,-9.81725e+07,154
48,-9.80786e+07,18
49,-9.77305e+07,-32
50,-1.00148e+08,-108
51,-1.00446e+08,-32
52,-9.88051e+07,-54
53,-9.81242e+07,4
54,-1.00573e+08,156
55,-1.0163e+08,134
56,-9.93361e+07,112
57,-9.61288e+07,-154
58,-1.01316e+08,-84
59,-1.03044e+08,84
60,-1.00454e+08,-68
61,-9.86257e+07,-24
62,-1.01872e+08,26
63,-1.01643e+08,-54
64,-9.63541e+07,12
65,-1.00125e+08,146
66,-9.70491e+07,12
67,-1.00233e+08,116
68,-1.00691e+08,190
69,-9.95828e+07,72
70,-9.8986e+07,-24
71,-1.01049e+08,-154
72,-9.54603e+07,132
73,-9.8083e+07,130
74,-9.89415e+07,34
75,-1.01791e+08,82
76,-1.00738e+08,34
77,-1.0197e+08,-40
78,-1.0033e+08,-6
79,-1.01933e+08,-212
80,-1.00053e+08,58
81,-9.95099e+07,-76
82,-1.00951e+08,-14
83,-9.75406e+07,-8
84,-9.79918e+07,8
85,-1.05036e+08,-242
86,-1.0048e+08,-42
87,-9.6825e+07,96
88,-9.72642e+07,-38
89,-1.02256e+08,-46
90,-9.92389e+07,24
91,-1.01745e+08,26
92,-1.033e+08,-42
93,-9.91843e+07,56
94,-9.85669e+07,-170
95,-9.68893e+07,28
96,-1.01556e+08,-232
97,-9.93274e+07,184
98,-9.85433e+07,0
99,-9.85603e+07,64
100,-9.79881e+07,-6
101,-1.02841e+08,-130
102,-9.71066e+07,30
103,-9.92682e+07,78
104,-1.02116e+08,-108
105,-1.04588e+08,-134
106,-1.0094e+08,14
107,-9.78672e+07,-90
108,-9.75677e+07,70
109,-1.01686e+08,-110
110,-9.99425e+07,-134
111,-9.92827e+07,-76
112,-9.82729e+07,-38
113,-1.00013e+08,-12
114,-1.01577e+08,-136
115,-9.93355e+07,-156
116,-1.00277e+08,-186
117,-1.02413e+08,88
118,-9.49156e+07,336
119,-9.85817e+07,82
120,-9.91303e+07,82
121,-1.03592e+08,-26
122,-1.02373e+08,144
123,-1.0239e+08,-48
124,-1.04665e+08,-110
125,-1.03318e+08,-76
126,-9.84408e+07,-34
127,-1.01333e+08,-62
128,-1.02766e+08,110
129,-1.00564e+08,-94
130,-9.94172e+07,-64
131,-1.01253e+08,-12
132,-9.85399e+07,-86
133,-9.85871e+07,-20
134,-9.58965e+07,80
135,-1.03446e+08,-30
136,-1.02402e+08,36
137,-1.00739e+08,10
138,-9.44318e+07,10
139,-1.00574e+08,-88
140,-9.89691e+07,0
141,-9.82272e+07,116
142,-9.72088e+07,-20
143,-1.01087e+08,-100
144,-1.02845e+08,108
145,-9.92813e+07,-30
146,-9.60547e+07,100
147,-1.01239e+08,94
148,-1.01543e+08,-66
149,-1.0024e+08,-26
150,-9.49229e+07,140
151,-1.00794e+08,-98
152,-1.00638e+08,22
153,-9.97312e+07,-240
154,-9.83078e+07,68
155,-1.02704e+08,-66
156,-1.00437e+08,150
157,-1.00024e+08,156
158,-9.86146e+07,122
159,-1.00198e+08,102
160,-1.00326e+08,-36
161,-1.02743e+08,112
162,-1.00939e+08,-82
163,-1.01181e+08,-66
164,-9.48841e+07,-18
165,-9.88992e+07,52
166,-1.02239e+08,254
167,-1.02119e+08,188
168,-1.00201e+08,-38
169,-9.98952e+07,118
170,-9.98992e+07,56
171,-9.97139e+07,-144
172,-1.02597e+08,-94
173,-9.85831e+07,158
174,-1.00195e+08,196
175,-9.82499e+07,-144
176,-1.00224e+08,-92
177,-9.93849e+07,16
178,-1.00679e+08,-112
179,-1.00327e+08,166
180,-1.00411e+08,-92
181,-1.00801e+08,-122
182,-9.84116e+07,-142
183,-1.00151e+08,-44
184,-9.81904e+07,0
185,-9.77598e+07,140
186,-9.57202e+07,-24
187,-9.78027e+07,-38
188,-1.01061e+08,14
189,-1.04159e+08,-16
190,-9.73887e+07,-142
191,-1.0149e+08,110
192,-1.01107e+08,24
193,-9.81001e+07,76
194,-1.01318e+08,12
195,-1.02748e+08,0
196,-1.00132e+08,-126
197,-9.8794e+07,-10
198,-9.71005e+07,-102
199,-1.01649e+08,34
200,-1.01813e+08,14
201,-9.85439e+07,-2
202,-9.79342e+07,22
203,-9.71339e+07,176
204,-1.00314e+08,-30
205,-9.8748e+07,98
206,-9.58451e+07,106
207,-9.96323e+07,30
208,-9.99523e+07,-30
209,-1.01184e+08,0
210,-9.62527e+07,100
211,-1.0147e+08,-124
212,-9.80918e+07,-76
213,-9.78615e+07,8
214,-9.86595e+07,-224
215,-9.95633e+07,56
216,-9.71798e+07,54
217,-9.66962e+07,106
218,-9.85422e+07,-116
219,-1.00777e+08,76
220,-9.93493e+07,-128
221,-1.02615e+08,106
222,-1.00805e+08,16
223,-9.88924e+07,42
224,-9.81907e+07,-90
225,-1.01009e+08,262
226,-9.8826e+07,216
227,-1.01248e+08,-80
228,-9.77974e+07,84
229,-9.82688e+07,12
230,-1.0006e+08,52
231,-9.91896e+07,64
232,-9.88157e+07,-218
233,-1.0062e+08,-22
234,-9.80776e+07,-162
235,-9.61189e+07,82
236,-9.84286e+07,-102
237,-1.00952e+08,-46
238,-1.00403e+08,-74
239,-9.75295e+07,12
240,-9.81039e+07,-46
241,-1.00147e+08,206
242,-1.01751e+08,-90
243,-9.98978e+07,100
244,-9.58229e+07,112
245,-9.92356e+07,124
246,-1.02473e+08,74
247,-1.02337e+08,204
248,-1.01626e+08,84
249,-9.86055e+07,100
250,-1.03655e+08,22
251,-9.99446e+07,-38
252,-9.98904e+07,80
253,-9.64107e+07,-178
254,-9.95317e+07,-232
255,-1.02183e+08,-178
256,-9.8393e+07,60
257,-9.99993e+07,-62
258,-1.01176e+08,-10
259,-1.00046e+08,-6
260,-1.00303e+08,30
261,-1.03875e+08,-74
262,-1.04337e+08,-82
263,-1.03277e+08,-78
264,-1.03504e+08,-4
265,-9.8255e+07,-134
266,-1.00202e+08,-126
267,-1.03249e+08,90
268,-1.01863e+08,-70
269,-9.88248e+07,12
270,-1.02728e+08,-28
271,-9.85753e+07,26
272,-1.00964e+08,34
273,-1.00733e+08,-76
274,-9.70662e+07,-94
275,-9.69341e+07,84
276,-1.00922e+08,-166
277,-1.01984e+08,-66
278,-1.01581e+08,-4
279,-9.98527e+07,8
280,-1.00102e+08,-52
281,-9.93828e+07,20
282,-1.02014e+08,98
283,-9.55963e+07,-110
284,-1.05546e+08,-92
285,-9.90795e+07,98
286,-1.01549e+08,-26
287,-9.95499e+07,-46
288,-9.71058e+07,62
289,-9.5607e+07,26
290,-9.84939e+07,-22
291,-1.00307e+08,-252
292,-9.75252e+07,120
293,-9.91872e+07,158
294,-1.0092e+08,30
295,-9.93305e+07,-238
296,-9.76585e+07,-76
297,-9.87284e+07,-36
298,-9.86518e+07,18
299,-9.69798e+07,-102
300,-9.77074e+07,136
301,-1.0043e+08,62
302,-9.87504e+07,-92
303,-9.97678e+07,-170
304,-9.74299e+07,102
305,-1.00081e+08,-10
306,-9.98369e+07,-64
307,-1.00436e+08,-86
308,-1.00554e+08,-104
309,-9.77738e+07,22
310,-9.78848e+07,132
311,-1.0225e+08,-148
312,-9.60789e+07,40
313,-9.79529e+07,-148
314,-9.94266e+07,-20
315,-9.7721e+07,270
316,-9.97431e+07,-116
317,-9.7317e+07,-64
318,-9.94329e+07,-18
319,-1.01412e+08,138
320,-1.00504e+08,50
321,-1.00791e+08,-40
322,-9.92389e+07,-50
323,-1.01134e+08,-90
324,-1.03195e+08,-52
325,-1.04843e+08,102
326,-1.00958e+08,-34
327,-9.76495e+07,-10
328,-9.8001e+07,-72
329,-1.01405e+08,-30
330,-1.0067e+08,-124
331,-1.02721e+08,-116
332,-1.00469e+08,270
333,-1.00544e+08,-98
334,-1.01956e+08,56
335,-9.79021e+07,-20
336,-9.723e+07,-158
337,-9.98158e+07,-74
338,-9.9201e+07,274
339,-1.02812e+08,4
340,-1.00574e+08,252
341,-9.86878e+07,-42
342,-9.86977e+07,-60
343,-1.0018e+08,-94
344,-9.67906e+07,38
345,-1.02721e+08,-82
346,-9.92604e+07,86
347,-9.51536e+07,42
348,-9.90119e+07,48
349,-1.00137e+08,14
350,-9.76723e+07,60
351,-9.89507e+07,-76
352,-9.8951e+07,-110
353,-9.92062e+07,138
354,-1.03125e+08,-198
355,-9.8167e+07,-96
356,-9.91023e+07,-142
357,-1.00897e+08,128
358,-9.91972e+07,92
359,-1.02324e+08,-154
360,-9.81865e+07,-204
361,-1.01235e+08,152
362,-9.49697e+07,-136
363,-9.79354e+07,84
364,-9.60573e+07,-30
365,-9.9537e+07,-88
366,-1.02003e+08,-88
367,-9.96447e+07,-80
368,-1.00925e+08,-28
369,-9.89581e+07,184
370,-1.02306e+08,-48
371,-9.96539e+07,146
372,-1.01726e+08,34
373,-1.01375e+08,42
374,-9.95248e+07,-56
375,-1.01065e+08,-152
376,-9.85176e+07,-136
377,-1.02539e+08,104
378,-9.96507e+07,-16
379,-9.99739e+07,-74
380,-1.00452e+08,0
381,-9.78915e+07,84
382,-1.01494e+08,-56
383,-9.96005e+07,-64
384,-9.98288e+07,102
385,-9.65606e+07,14
386,-1.00238e+08,32
387,-1.0085e+08,92
388,-1.00801e+08,82
389,-1.02643e+08,-10
390,-1.007e+08,-86
391,-1.00058e+08,-62
392,-1.01523e+08,-64
393,-9.79171e+07,140
394,-9.88683e+07,62
395,-1.03837e+08,12
396,-1.00161e+08,-66
397,-9.62248e+07,-8
398,-9.93034e+07,-44
399,-9.8883e+07,-150
400,-9.96238e+07,60
401,-1.01531e+08,60
402,-9.67805e+07,-6
403,-9.87545e+07,-50
404,-1.0019e+08,-188
405,-9.72088e+07,-102
406,-1.0205e+08,-16
407,-1.01214e+08,-78
408,-1.00557e+08,114
409,-1.0171e+08,156
410,-9.85998e+07,-46
411,-9.94666e+07,-156
412,-9.81923e+07,38
413,-9.83264e+07,-102
414,-9.99368e+07,-64
415,-1.00105e+08,-80
416,-9.97599e+07,94
417,-1.02199e+08,-22
418,-9.95709e+07,32
419,-9.52209e+07,120
420,-9.9009e+07,92
421,-9.94598e+07,70
422,-9.95079e+07,-32
423,-1.00764e+08,102
424,-9.77958e+07,-8
425,-1.0283e+08,62
426,-9.88672e+07,48
427,-1.01481e+08,18
428,-1.02124e+08,-58
429,-9.81667e+07,96
430,-1.02724e+08,40
431,-1.00835e+08,-152
432,-1.01485e+08,118
433,-9.84778e+07,96
434,-9.85243e+07,2
435,-1.00602e+08,176
436,-1.00031e+08,-18
437,-1.01446e+08,-30
438,-1.01039e+08,96
439,-9.60943e+07,-130
440,-9.62895e+07,0
441,-9.79893e+07,42
442,-1.00126e+08,22
443,-1.01868e+08,56
444,-1.0137e+08,-120
445,-1.00855e+08,-82
446,-1.0114e+08,-150
447,-9.85036e+07,116
448,-9.87582e+07,-2
449,-9.83626e+07,-62
450,-1.03042e+08,48
451,-1.00663e+08,162
452,-9.91959e+07,-18
453,-1.01909e+08,-66
454,-1.01029e+08,122
455,-9.90883e+07,-66
456,-1.01187e+08,-62
457,-9.97867e+07,-40
458,-9.973e+07,28
459,-9.78438e+07,12
460,-9.54384e+07,124
461,-9.83172e+07,264
462,-9.84084e+07,60
463,-9.97455e+07,-152
464,-9.87077e+07,-208
465,-9.86791e+07,54
466,-1.03818e+08,154
467,-9.70604e+07,-82
468,-9.78861e+07,-66
469,-1.02943e+08,-124
470,-9.80419e+07,74
471,-1.01847e+08,-54
472,-9.75016e+07,20
473,-9.98266e+07,-140
474,-1.0026e+08,-52
475,-1.02022e+08,246
476,-1.01918e+08,182
477,-1.02463e+08,150
478,-1.01662e+08,-66
479,-1.01484e+08,128
480,-1.00851e+08,-164
481,-9.97547e+07,-18
482,-1.03027e+08,88
483,-9.99477e+07,22
484,-1.01711e+08,-100
485,-9.95707e+07,48
486,-9.62795e+07,-52
487,-1.00912e+08,-152
488,-1.00883e+08,56
489,-1.00355e+08,60
490,-9.79035e+07,-12
491,-1.00295e+08,-52
492,-1.02741e+08,86
493,-1.00091e+08,-8
494,-1.03603e+08,-82
495,-9.9627e+07,-254
496,-1.01224e+08,-72
497,-1.00194e+08,12
498,-9.91852e+07,-88
499,-1.02702e+08,92
500,-1.02979e+08,-66
501,-9.82552e+07,82
502,-9.7778e+07,-84
503,-1.05075e+08,174
504,-1.00544e+08,-170
505,-1.02467e+08,-200
506,-1.01438e+08,-92
507,-1.04434e+08,-50
508,-1.00452e+08,-116
509,-1.0263e+08,16
510,-1.02229e+08,-36
511,-1.02314e+08,28
512,-1.00426e+08,146
513,-9.98844e+07,-80
514,-9.79882e+07,14
515,-1.02806e+08,-98
516,-9.83533e+07,-140
517,-9.91149e+07,-226
518,-9.97079e+07,-90
519,-1.06258e+08,-110
520,-1.00207e+08,128
521,-9.73225e+07,-190
522,-9.94858e+07,220
523,-9.8167e+07,-152
524,-1.02789e+08,-118
525,-1.0231e+08,142
526,-9.73908e+07,86
527,-1.02474e+08,12
528,-9.98423e+07,304
529,-9.70503e+07,200
530,-9.81212e+07,12
531,-9.95079e+07,-44
532,-1.01628e+08,-62
533,-9.72768e+07,-90
534,-1.00634e+08,108
535,-1.01909e+08,-48
536,-9.67241e+07,-22
537,-1.0091e+08,-72
538,-1.01997e+08,106
539,-9.96884e+07,-62
540,-1.01419e+08,-50
541,-9.91676e+07,64
542,-1.01132e+08,96
543,-1.00985e+08,-44
544,-1.02505e+08,-32
545,-1.01664e+08,-30
546,-1.01868e+08,8
547,-9.80576e+07,-224
548,-1.02755e+08,-30
549,-9.76984e+07,142
550,-9.9169e+07,-226
551,-9.86386e+07,40
552,-1.01208e+08,172
553,-1.01374e+08,-110
554,-9.7597e+07,0
555,-9.76391e+07,148
556,-1.02358e+08,-176
557,-1.02281e+08,-72
558,-1.02962e+08,-158
559,-1.00272e+08,-92
560,-1.00775e+08,38
561,-9.95143e+07,8
562,-9.85489e+07,-10
563,-9.98279e+07,10
564,-9.81576e+07,42
565,-9.70133e+07,36
566,-9.99033e+07,-60
567,-9.97272e+07,-118
568,-1.01854e+08,6
569,-9.91356e+07,168
570,-1.00081e+08,78
571,-9.78207e+07,-72
572,-1.00792e+08,32
573,-1.02624e+08,-48
574,-1.01639e+08,-40
575,-1.05279e+08,-120
576,-9.94843e+07,102
577,-9.89206e+07,-152
578,-9.83831e+07,158
579,-1.00509e+08,-96
580,-1.02515e+08,-48
581,-9.91885e+07,86
582,-9.95443e+07,42
583,-1.00006e+08,68
584,-9.90702e+07,68
585,-1.0013e+08,46
586,-9.93788e+07,32
587,-9.95883e+07,148
588,-1.00627e+08,-8
589,-9.76774e+07,88
590,-9.73185e+07,-4
591,-9.84868e+07,-58
592,-9.69612e+07,42
593,-9.73436e+07,-28
594,-9.88329e+07,-30
595,-1.01856e+08,-32
596,-1.01285e+08,-86
597,-9.81281e+07,-86
598,-1.01437e+08,122
599,-1.00639e+08,88
600,-9.74171e+07,30
601,-1.00896e+08,42
602,-9.89112e+07,128
603,-9.91999e+07,-44
604,-9.7674e+07,-120
605,-9.9149e+07,-10
606,-9.99355e+07,-238
607,-1.04564e+08,110
608,-1.0425e+08,-42
609,-9.77155e+07,104
610,-1.04636e+08,186
611,-1.02467e+08,10
612,-9.97708e+07,86
613,-1.0372e+08,-6
614,-1.02198e+08,-106
615,-1.04864e+08,8
616,-1.00403e+08,80
617,-9.98705e+07,-60
618,-9.98905e+07,12
619,-1.01118e+08,-92
620,-9.53342e+07,66
621,-1.01657e+08,30
622,-1.03648e+08,64
623,-1.02223e+08,-118
624,-9.68577e+07,-4
625,-1.00864e+08,46
626,-9.62025e+07,-48
627,-9.61149e+07,-114
628,-9.93151e+07,86
629,-1.01174e+08,-82
630,-9.96591e+07,86
631,-9.49215e+07,-106
632,-1.01203e+08,-52
633,-9.98799e+07,204
634,-1.00047e+08,106
635,-9.9016e+07,2
636,-9.99132e+07,-138
637,-1.00502e+08,-104
638,-9.93456e+07,86
639,-1.00492e+08,136
640,-1.05591e+08,106
641,-1.02203e+08,-98
642,-1.02754e+08,-276
643,-9.81048e+07,-92
644,-1.0209e+08,70
645,-9.86261e+07,202
646,-1.0274e+08,-194
647,-9.94401e+07,-76
648,-1.00386e+08,-32
649,-1.01341e+08,0
650,-1.01408e+08,80
651,-9.74131e+07,-6
652,-1.03375e+08,34
653,-9.98098e+07,-32
654,-1.00353e+08,-40
655,-1.02035e+08,136
656,-1.01947e+08,-102
657,-1.0208e+08,14
658,-1.0065e+08,186
659,-9.9525e+07,16
660,-9.72281e+07,14
661,-9.6089e+07,-52
662,-1.00148e+08,-104
663,-9.92899e+07,-56
664,-9.80546e+07,-74
665,-1.00307e+08,-78
666,-1.0101e+08,14
667,-9.99012e+07,120
668,-1.01482e+08,-226
669,-9.82091e+07,-58
670,-1.03782e+08,70
671,-9.95478e+07,118
672,-1.01177e+08,58
673,-9.97117e+07,196
674,-9.94819e+07,36
675,-9.43738e+07,44
676,-1.04601e+08,-172
677,-1.00082e+08,136
678,-9.89441e+07,70
679,-9.8514e+07,-174
680,-9.77754e+07,-138
681,-1.02639e+08,66
682,-9.91006e+07,-68
683,-9.83706e+07,-10
684,-1.03621e+08,240
685,-9.8581e+07,66
686,-9.9239e+07,102
687,-1.02049e+08,-30
688,-1.01566e+08,46
689,-1.01086e+08,86
690,-1.0134e+08,-76
691,-1.02683e+08,-6
692,-9.98919e+07,140
693,-9.53698e+07,222
694,-1.00165e+08,-6
695,-9.69851e+07,-162
696,-9.81326e+07,6
697,-9.70105e+07,48
698,-9.97865e+07,6
699,-9.93526e+07,-174
700,-1.00765e+08,14
701,-1.01032e+08,0
702,-9.91501e+07,-94
703,-1.00929e+08,64
704,-1.00339e+08,-42
705,-9.96802e+07,52
706,-1.01671e+08,-44
707,-9.82972e+07,90
708,-9.83341e+07,-114
709,-9.59586e+07,8
710,-1.02927e+08,76
711,-1.01265e+08,-106
712,-9.8184e+07,-78
713,-9.68046e+07,-118
714,-9.88833e+07,166
715,-1.03341e+08,-10
716,-1.01939e+08,-52
717,-9.76418e+07,-50
718,-1.00552e+08,96
719,-1.0033e+08,80
720,-1.00952e+08,-156
721,-1.03235e+08,46
722,-9.79836e+07,152
723,-1.00177e+08,76
724,-9.93713e+07,-96
725,-1.02205e+08,-18
726,-1.00412e+08,-108
727,-1.02491e+08,114
728,-9.8791e+07,-42
729,-1.01235e+08,134
730,-9.54719e+07,-84
731,-9.5644e+07,90
732,-1.02285e+08,-82
733,-9.80407e+07,-58
734,-9.98884e+07,178
735,-1.01628e+08,28
736,-1.00352e+08,68
737,-9.74788e+07,-56
738,-1.01104e+08,170
739,-1.01372e+08,-30
740,-1.00422e+08,290
741,-1.02685e+08,84
742,-9.67877e+07,-4
743,-9.75771e+07,-114
744,-9.93647e+07,96
745,-9.73854e+07,74
746,-1.0081e+08,56
747,-1.01886e+08,138
748,-9.88792e+07,-6
749,-9.80075e+07,-76
750,-9.86578e+07,-40
751,-1.03995e+08,-10
752,-1.03993e+08,-112
753,-9.97969e+07,-44
754,-9.93872e+07,-20
755,-9.83804e+07,-148
756,-9.68339e+07,-76
757,-1.0171e+08,-36
758,-9.56211e+07,-208
759,-9.79446e+07,114
760,-1.0266e+08,146
761,-9.9939e+07,-190
762,-9.60584e+07,-94
763,-9.98227e+07,-140
764,-1.02969e+08,50
765,-1.02579e+08,44
766,-9.93012e+07,22
767,-1.02215e+08,-102
768,-1.0345e+08,30
769,-1.04608e+08,94
770,-1.00121e+08,96
771,-9.83227e+07,64
772,-9.83086e+07,118
773,-9.93255e+07,146
774,-9.99706e+07,4
775,-9.79029e+07,32
776,-1.01293e+08,-76
777,-1.0035e+08,2
778,-9.75249e+07,20
779,-9.92143e+07,-30
780,-1.00017e+08,42
781,-9.60272e+07,-76
782,-9.78551e+07,140
783,-1.00864e+08,46
784,-9.82359e+07,92
785,-9.99055e+07,-50
786,-9.90355e+07,-8
787,-1.00279e+08,214
788,-1.00917e+08,-164
789,-9.61657e+07,56
790,-9.95553e+07,-34
791,-1.01258e+08,-124
792,-9.62011e+07,14
793,-9.92095e+07,-6
794,-1.00159e+08,34
795,-9.93946e+07,-210
796,-9.96748e+07,246
797,-1.02663e+08,20
798,-9.93912e+07,-44
799,-1.00473e+08,-136
800,-9.74768e+07,-4
801,-1.00678e+08,-38
802,-9.81304e+07,68
803,-1.05243e+08,100
804,-9.68122e+07,-84
805,-9.67965e+07,-42
806,-9.7362e+07,142
807,-1.00464e+08,94
808,-9.90121e+07,150
809,-9.90535e+07,14
810,-1.05689e+08,0
811,-1.02188e+08,22
812,-9.97095e+07,-70
813,-9.83682e+07,146
814,-1.06334e+08,-58
815,-9.85459e+07,46
816,-1.01766e+08,-68
817,-1.04429e+08,50
818,-9.89013e+07,-8
819,-1.03251e+08,46
820,-1.01244e+08,52
821,-1.02283e+08,-250
822,-1.00811e+08,-50
823,-1.0231e+08,4
824,-1.01457e+08,-78
825,-1.02554e+08,4
826,-9.81119e+07,38
827,-9.87193e+07,-76
828,-1.00436e+08,0
829,-9.97204e+07,-106
830,-1.00147e+08,22
831,-1.01426e+08,140
832,-9.77985e+07,-16
833,-1.04543e+08,-90
834,-9.87188e+07,-92
835,-1.01021e+08,50
836,-1.04107e+08,-84
837,-9.79621e+07,-54
838,-9.80236e+07,-42
839,-1.00635e+08,-232
840,-9.86944e+07,-86
841,-9.96132e+07,110
842,-9.86643e+07,-194
843,-9.95691e+07,90
844,-1.01088e+08,-124
845,-9.81405e+07,54
846,-1.02451e+08,100
847,-9.9544e+07,18
848,-9.80618e+07,142
849,-9.95919e+07,210
850,-1.00536e+08,-118
851,-1.00189e+08,-52
852,-9.9091e+07,-136
853,-9.73018e+07,-64
854,-9.95178e+07,-110
855,-1.00744e+08,-106
856,-9.85985e+07,6
857,-9.84718e+07,0
858,-1.01996e+08,-90
859,-1.06113e+08,-60
860,-9.92295e+07,-14
861,-1.04084e+08,60
862,-1.00561e+08,-70
863,-9.9818e+07,-182
864,-1.00492e+08,-78
865,-1.0207e+08,-246
866,-9.73211e+07,-134
867,-9.87346e+07,176
868,-9.88258e+07,246
869,-1.0033e+08,-98
870,-9.69429e+07,-2
871,-9.96144e+07,-38
872,-9.93329e+07,-34
873,-9.67683e+07,12
874,-1.02841e+08,62
875,-1.01103e+08,96
876,-9.68261e+07,-78
877,-9.95949e+07,6
878,-1.00441e+08,200
879,-9.90805e+07,-42
880,-9.98185e+07,192
881,-1.03518e+08,144
882,-1.03078e+08,98
883,-9.77651e+07,-226
884,-9.97e+07,-64
885,-1.01952e+08,62
886,-9.70409e+07,10
887,-1.00178e+08,22
888,-1.04347e+08,204
889,-1.01707e+08,-134
890,-9.69862e+07,94
891,-9.998e+07,-184
892,-1.00399e+08,-60
893,-9.92216e+07,-64
894,-9.67888e+07,-70
895,-9.79322e+07,220
896,-9.56658e+07,-16
897,-9.78561e+07,82
898,-1.01806e+08,228
899,-1.00704e+08,16
900,-9.93504e+07,22
901,-1.00417e+08,228
902,-9.88022e+07,-2
903,-1.00965e+08,-26
904,-1.00242e+08,-26
905,-1.00227e+08,-6
906,-9.99385e+07,56
907,-9.90138e+07,-40
908,-9.96678e+07,48
909,-9.72723e+07,52
910,-1.05053e+08,70
911,-9.68512e+07,-34
912,-9.46273e+07,-90
913,-9.88255e+07,60
914,-1.05451e+08,-98
915,-1.0163e+08,14
916,-1.00451e+08,-170
917,-9.95566e+07,20
918,-1.02122e+08,98
919,-1.01165e+08,122
920,-1.01144e+08,22
921,-1.02851e+08,42
922,-9.77622e+07,-168
923,-9.75492e+07,-20
924,-9.96726e+07,154
925,-1.03316e+08,132
926,-1.0207e+08,30
927,-9.84541e+07,-12
928,-1.01104e+08,-130
929,-1.01874e+08,44
930,-9.72796e+07,-36
931,-1.00143e+08,-48
932,-9.64554e+07,-112
933,-1.02753e+08,30
934,-9.75162e+07,-72
935,-9.99283e+07,116
936,-9.93486e+07,-78
937,-9.96684e+07,84
938,-9.6892e+07,198
939,-9.74163e+07,-58
940,-9.43732e+07,0
941,-1.00547e+08,-96
942,-9.79417e+07,-118
943,-1.02777e+08,-44
944,-9.84856e+07,-100
945,-9.8491e+07,192
946,-9.86556e+07,164
947,-9.94671e+07,-6
948,-9.58893e+07,-134
949,-9.85813e+07,-38
950,-9.89448e+07,-12
951,-1.00909e+08,0
952,-9.93846e+07,84
953,-1.01604e+08,-96
954,-9.93374e+07,-40
955,-9.81913e+07,-168
956,-9.84948e+07,112
957,-9.84745e+07,-40
958,-9.57672e+07,44
959,-1.00861e+08,-68
960,-1.02023e+08,48
961,-1.02332e+08,74
962,-1.01598e+08,-104
963,-9.80704e+07,70
964,-9.56617e+07,206
965,-9.78407e+07,160
966,-9.98616e+07,-80
967,-1.02197e+08,94
968,-9.85387e+07,60
969,-1.00103e+08,-34
970,-1.02192e+08,48
971,-9.64947e+07,-2
972,-1.00305e+08,-54
973,-1.00208e+08,-4
974,-9.86645e+07,36
975,-1.02127e+08,-12
976,-1.01065e+08,-62
977,-9.88113e+07,-134
978,-1.01097e+08,116
979,-1.02319e+08,26
980,-9.7254e+07,-98
981,-1.01874e+08,232
982,-1.01036e+08,4
983,-1.00751e+08,-198
984,-9.96707e+07,138
985,-9.73789e+07,94
986,-1.00664e+08,16
987,-1.03712e+08,120
988,-9.96246e+07,62
989,-1.03465e+08,8
990,-9.64095e+07,-116
991,-9.75925e+07,2
992,-9.99169e+07,-152
993,-1.03445e+08,6
994,-1.02224e+08,-50
995,-9.42579e+07,30
996,-1.01534e+08,26
997,-9.64563e+07,-160
998,-1.02598e+08,-94
999,-9.9001e+07,142
