Temperature 1e+20
config,energy,magnetism
0,930818,154
1,2.50703e+06,-14
2,2.6956e+06,54
3,-3.01055e+06,-116
4,-1.50119e+06,124
5,3.2193e+06,-70
6,4.50994e+06,-72
7,3.92424e+06,-8
8,2.00488e+06,32
9,3.66829e+06,130
10,2.42276e+06,-74
11,4.22074e+06,-24
12,-4.06044e+06,-30
13,4.33719e+06,-248
14,3.22324e+06,-80
15,2.79973e+06,120
16,1.25346e+06,120
17,3.85248e+06,-68
18,-5.08265e+06,34
19,-1.11379e+06,82
20,569891,-28
21,4.7236e+06,-42
22,1.32305e+06,28
23,-2.05107e+06,110
24,1.64487e+06,70
25,2.09569e+06,-178
26,723193,-8
27,852343,70
28,3.04683e+06,208
29,1.53781e+06,60
30,-2.99664e+06,-38
31,309779,-16
32,4.54245e+06,216
33,3.30648e+06,-26
34,2.95439e+06,30
35,-815515,22
36,6.00998e+06,-132
37,2.37758e+06,48
38,3.52033e+06,-4
39,2.80868e+06,-6
40,3.30874e+06,56
41,1.83998e+06,0
42,622209,-56
43,149523,-104
44,6.37563e+06,-2
45,-653292,-102
46,-44335,-68
47,2.33148e+06,142
48,1.80764e+06,18
49,4.37398e+06,-30
50,2.96568e+06,-120
51,192052,-14
52,2.1878e+06,-58
53,1.34837e+06,4
54,-876251,154
55,-1.19528e+06,128
56,28007,118
57,7.1204e+06,-156
58,-1.1013e+06,-76
59,-1.77896e+06,84
60,355781,-62
61,6.54309e+06,-8
62,1.18332e+06,54
63,2.53983e+06,-36
64,3.04081e+06,22
65,-89109,144
66,3.45374e+06,18
67,1.39001e+06,108
68,1.33985e+06,194
69,2.03066e+06,76
70,1.70868e+06,-32
71,1.5761e+06,-174
72,5.44392e+06,128
73,2.69433e+06,126
74,491330,34
75,4.41638e+06,68
76,-122145,36
77,109443,-46
78,1.25312e+06,-32
79,-1.52702e+06,-222
80,2.24774e+06,84
81,2.18773e+06,-96
82,1.81286e+06,-12
83,2.45858e+06,-6
84,5.26466e+06,-12
85,-29773,-194
86,1.1989e+06,-64
87,7.73487e+06,100
88,4.60461e+06,-24
89,1.11476e+06,-68
90,987801,26
91,-392465,42
92,3.82038e+06,-6
93,2.90243e+06,52
94,5.61089e+06,-138
95,3.43018e+06,4
96,1.83605e+06,-160
97,1.0193e+06,180
98,2.74057e+06,14
99,2.55499e+06,50
100,5.92042e+06,-8
101,-717131,-126
102,4.6371e+06,52
103,749447,76
104,1.05976e+06,-98
105,-2.53083e+06,-116
106,1.83672e+06,-8
107,3.24864e+06,-46
108,2.44229e+06,70
109,2.17046e+06,-62
110,1.87802e+06,-128
111,1.55019e+06,-78
112,2.53898e+06,-18
113,751049,-8
114,-863421,-140
115,1.95282e+06,-158
116,1.39633e+06,-144
117,35799,86
118,6.37445e+06,330
119,1.83415e+06,94
120,3.29146e+06,104
121,-3.58162e+06,-26
122,-1.80398e+06,160
123,1.78842e+06,-76
124,-2.29274e+06,-136
125,4.54203e+06,-46
126,1.71174e+06,-34
127,1.74386e+06,-88
128,1.20647e+06,90
129,1.438e+06,-68
130,1.1085e+06,-58
131,-1.21168e+06,-14
132,1.56195e+06,-96
133,1.99181e+06,-34
134,4.18482e+06,82
135,-345217,-38
136,-2.45658e+06,38
137,-29065,14
138,6.03846e+06,4
139,1.35592e+06,-72
140,1.74168e+06,-2
141,2.33046e+06,142
142,4.42368e+06,-28
143,501905,-118
144,671507,60
145,1.99508e+06,-32
146,3.8738e+06,94
147,2.38398e+06,106
148,-755629,-60
149,980553,-24
150,6.23825e+06,126
151,-761033,-96
152,1.22106e+06,20
153,1.34139e+06,-224
154,1.94743e+06,78
155,-1.90214e+06,-66
156,-509631,162
157,-177825,170
158,1.41033e+06,120
159,1.23248e+06,66
160,-501621,-48
161,-26792,50
162,2.18121e+06,-82
163,4.54699e+06,-96
164,6.33058e+06,-18
165,1.18344e+06,48
166,1.31874e+06,278
167,927351,182
168,2.41088e+06,-90
169,519493,118
170,2.05212e+06,44
171,2.74865e+06,-134
172,1.9591e+06,-88
173,2.24748e+06,152
174,-185021,196
175,4.6489e+06,-148
176,2.50799e+06,-80
177,1.31181e+06,24
178,4.83862e+06,-110
179,4.72864e+06,148
180,1.49466e+06,-116
181,1.09909e+06,-94
182,2.40166e+06,-140
183,195659,-38
184,4.41286e+06,-22
185,4.20758e+06,82
186,7.1106e+06,-38
187,1.88956e+06,-40
188,-1.0509e+06,14
189,-3.40203e+06,-14
190,3.47038e+06,-150
191,-1.48981e+06,110
192,-820561,20
193,2.06949e+06,50
194,-766970,-10
195,-1.05222e+06,14
196,329169,-132
197,2.65229e+06,-44
198,4.10195e+06,-114
199,2.3348e+06,44
200,3.10944e+06,60
201,1.49788e+06,-8
202,2.22925e+06,16
203,3.67904e+06,182
204,726299,-4
205,2.40508e+06,86
206,6.21844e+06,90
207,931521,36
208,1.94535e+06,-16
209,636273,-2
210,4.05085e+06,74
211,2.07436e+06,-74
212,1.96044e+06,-78
213,2.51193e+06,10
214,1.52206e+06,-226
215,2.46396e+06,42
216,4.0878e+06,44
217,3.55186e+06,96
218,1.62864e+06,-114
219,1.65812e+06,118
220,3.21056e+06,-132
221,-1.72202e+06,100
222,944039,32
223,2.22001e+06,16
224,2.77246e+06,-86
225,-708189,272
226,5.37928e+06,192
227,3.59018e+06,-24
228,2.43237e+06,92
229,5.14249e+06,-8
230,257507,46
231,891019,52
232,1.99376e+06,-218
233,2.20823e+06,-22
234,1.86666e+06,-162
235,7.29486e+06,92
236,1.42589e+06,-98
237,2.43754e+06,-8
238,4.10063e+06,-64
239,3.20286e+06,40
240,3.25248e+06,-50
241,371521,196
242,858813,-78
243,1.30702e+06,114
244,5.61902e+06,116
245,2.65837e+06,108
246,-2.66781e+06,58
247,-324757,182
248,-741183,84
249,1.92091e+06,84
250,3.58494e+06,18
251,4.09584e+06,-30
252,870981,62
253,4.56942e+06,-172
254,1.37534e+06,-220
255,2.47185e+06,-142
256,2.25146e+06,16
257,1.47793e+06,-60
258,1.05131e+06,-10
259,3.21538e+06,-46
260,2.17502e+06,38
261,-3.65519e+06,-68
262,-1.63005e+06,-86
263,271249,-98
264,1.53888e+06,8
265,5.64438e+06,-90
266,3.54601e+06,-120
267,1.62312e+06,102
268,1.22262e+06,-62
269,1.0896e+06,44
270,-1.25791e+06,-28
271,2.6948e+06,26
272,1.82496e+06,62
273,-495643,-78
274,4.12098e+06,-86
275,4.45204e+06,48
276,196183,-166
277,915525,-46
278,-156411,12
279,552213,20
280,1.4374e+06,-34
281,349653,18
282,-1.48485e+06,112
283,5.99453e+06,-104
284,-4.60665e+06,-92
285,3.07106e+06,68
286,1.30984e+06,-22
287,891861,-70
288,2.9042e+06,62
289,4.59563e+06,16
290,2.70659e+06,-12
291,2.2341e+06,-232
292,2.48915e+06,126
293,3.91852e+06,150
294,1.4933e+06,34
295,3.14741e+06,-228
296,5.14152e+06,-80
297,1.20631e+06,-58
298,3.96671e+06,6
299,3.09092e+06,-102
300,2.6e+06,132
301,682787,66
302,2.14527e+06,-84
303,2.44761e+06,-146
304,3.99324e+06,112
305,1.71038e+06,-4
306,1.99448e+06,-56
307,1.71721e+06,-86
308,411833,-112
309,2.75707e+06,28
310,2.3345e+06,138
311,-2.23978e+06,-148
312,5.38407e+06,50
313,2.0571e+06,-148
314,1.08618e+06,-28
315,2.30199e+06,220
316,3.48873e+06,-72
317,3.744e+06,-78
318,1.77004e+06,-30
319,-1.01842e+06,124
320,975113,52
321,2.43486e+06,-36
322,2.36412e+06,-24
323,-502304,-70
324,2.38282e+06,-24
325,-2.55431e+06,118
326,-578645,-48
327,5.98722e+06,-18
328,2.39771e+06,-84
329,567716,-20
330,-670231,-124
331,-1.75435e+06,-122
332,3.0268e+06,234
333,2.60707e+06,-112
334,-2.08496e+06,64
335,3.49976e+06,-16
336,5.84674e+06,-142
337,2.44093e+06,-98
338,2.43799e+06,256
339,977395,38
340,560311,260
341,1.29821e+06,-30
342,1.71868e+06,-66
343,1.36297e+06,-88
344,3.20196e+06,42
345,480003,-82
346,828815,68
347,6.94148e+06,58
348,1.33249e+06,52
349,863157,32
350,5.13142e+06,24
351,1.91271e+06,-84
352,1.50802e+06,-108
353,1.61757e+06,152
354,716417,-158
355,1.89118e+06,-98
356,1.55561e+06,-142
357,-919331,138
358,1.0018e+06,74
359,-2.11608e+06,-150
360,3.84609e+06,-224
361,-17252,158
362,5.00644e+06,-136
363,2.25586e+06,86
364,4.36064e+06,-36
365,1.14391e+06,-90
366,-501159,-36
367,4.56115e+06,-42
368,-457283,-34
369,1.1879e+06,182
370,-942615,-58
371,2.842e+06,134
372,-883313,38
373,2.29972e+06,50
374,1.71974e+06,-58
375,-542695,-130
376,927869,-142
377,185564,86
378,522407,-14
379,1.77751e+06,-54
380,-437977,10
381,2.66693e+06,90
382,462979,-64
383,743245,-70
384,386089,78
385,3.60158e+06,4
386,1.57331e+06,46
387,1.09317e+06,82
388,1.56402e+06,114
389,-609799,14
390,2.10107e+06,-100
391,1.16306e+06,-48
392,801551,-74
393,3.63186e+06,130
394,2.8196e+06,98
395,-2.10834e+06,34
396,2.81885e+06,-102
397,3.91899e+06,-16
398,509801,-44
399,1.72156e+06,-150
400,3.36144e+06,46
401,-1.33935e+06,66
402,3.71965e+06,-8
403,3.91449e+06,-46
404,931613,-172
405,3.43779e+06,-80
406,-1.83165e+06,4
407,-982041,-68
408,-560003,116
409,-1.17859e+06,148
410,1.81696e+06,-40
411,1.43874e+06,-174
412,3.41576e+06,30
413,3.61245e+06,-120
414,2.90616e+06,-48
415,658613,-76
416,454304,112
417,-1.0129e+06,-26
418,2.54009e+06,40
419,5.03391e+06,112
420,1.46492e+06,80
421,2.43867e+06,86
422,502099,-32
423,294311,84
424,3.8175e+06,-26
425,-2.82026e+06,62
426,750009,46
427,1.05952e+06,30
428,1.08134e+06,8
429,5.35202e+06,44
430,-643987,8
431,-628369,-144
432,-1.284e+06,108
433,1.90668e+06,110
434,1.35738e+06,4
435,-526697,192
436,2.47431e+06,-46
437,-1.22189e+06,-28
438,118847,88
439,4.75268e+06,-94
440,3.56869e+06,4
441,2.13459e+06,36
442,2.87692e+06,20
443,734641,50
444,-669035,-170
445,1.34659e+06,-90
446,-640715,-162
447,3.36153e+06,108
448,2.48966e+06,2
449,1.79862e+06,-54
450,-3.03305e+06,40
451,510041,132
452,4.50942e+06,16
453,-1.95996e+06,-70
454,600467,110
455,1.45652e+06,-58
456,-1.21846e+06,-68
457,1.07009e+06,-8
458,2.41595e+06,4
459,3.39427e+06,-10
460,7.85512e+06,86
461,3.16148e+06,264
462,3.16962e+06,72
463,4.01229e+06,-168
464,1.52623e+06,-196
465,1.93635e+06,56
466,2.28147e+06,118
467,4.40903e+06,-62
468,3.63083e+06,-78
469,-2.45538e+06,-106
470,1.96814e+06,74
471,975421,-50
472,3.67773e+06,-2
473,1.96224e+06,-116
474,160001,-52
475,1.98846e+06,214
476,69567,190
477,-1.01767e+06,160
478,841547,-78
479,877009,118
480,749099,-138
481,916219,-14
482,-2.33012e+06,104
483,1.59574e+06,44
484,-1.57944e+06,-100
485,2.5038e+06,42
486,4.73493e+06,-52
487,1.14712e+06,-170
488,4.87437e+06,78
489,784133,44
490,2.42208e+06,22
491,2.61116e+06,-38
492,-2.41069e+06,104
493,52465,-6
494,-1.82454e+06,-88
495,807263,-244
496,4.29771e+06,-64
497,2.35742e+06,-34
498,2.79851e+06,-102
499,3.47479e+06,100
500,-468110,-106
501,5.19478e+06,86
502,6.05081e+06,-126
503,1.43697e+06,168
504,402425,-180
505,-898430,-202
506,-1.25768e+06,-106
507,-2.88056e+06,-64
508,-424845,-114
509,-466249,0
510,-875451,-16
511,-1.47525e+06,34
512,1.54034e+06,142
513,293179,-86
514,3.41359e+06,28
515,-1.39834e+06,-68
516,1.93076e+06,-136
517,1.52883e+06,-222
518,433311,-102
519,-4.94087e+06,-112
520,3.75518e+06,120
521,4.37869e+06,-186
522,510261,224
523,2.66652e+06,-160
524,-38379,-90
525,933223,124
526,2.9921e+06,88
527,-373055,2
528,95971,306
529,3.70872e+06,204
530,1.88876e+06,12
531,2.17604e+06,-22
532,-1.33695e+06,-74
533,2.75175e+06,-80
534,-181545,100
535,-169553,-36
536,3.30017e+06,-38
537,-35059,-68
538,2.66071e+06,30
539,3.80353e+06,-50
540,3.11462e+06,-40
541,832393,64
542,3.8021e+06,100
543,242047,-42
544,-1.42249e+06,-44
545,2.38683e+06,-4
546,-1.51822e+06,14
547,6.33607e+06,-190
548,-226487,-2
549,2.61801e+06,154
550,1.35913e+06,-218
551,1.73035e+06,30
552,4.66526e+06,156
553,842867,-108
554,2.413e+06,0
555,3.77195e+06,150
556,-1.326e+06,-182
557,-1.78011e+06,-52
558,-689476,-154
559,104267,-92
560,408669,32
561,990559,14
562,3.23984e+06,-6
563,581058,-4
564,3.15721e+06,30
565,3.13461e+06,22
566,2.3439e+06,-88
567,2.18847e+06,-102
568,-1.03877e+06,8
569,3.24348e+06,158
570,-108955,92
571,3.92991e+06,-92
572,265985,62
573,172703,-44
574,2.66069e+06,-22
575,-5.09264e+06,-110
576,1.69379e+06,96
577,2.30098e+06,-148
578,1.96088e+06,156
579,3.19496e+06,-146
580,3.26646e+06,-6
581,4.24052e+06,112
582,2.49482e+06,6
583,61060,54
584,4.33141e+06,86
585,6.62126e+06,108
586,3.1886e+06,64
587,2.73236e+06,142
588,-69653,-18
589,3.03955e+06,94
590,2.72082e+06,-6
591,2.70156e+06,-44
592,3.50314e+06,20
593,3.55481e+06,-2
594,5.55955e+06,-44
595,-1.9296e+06,-6
596,493437,-40
597,3.23384e+06,-90
598,-1.11887e+06,108
599,89835,92
600,4.09972e+06,32
601,-375709,44
602,2.25586e+06,104
603,3.70761e+06,-62
604,4.10753e+06,-132
605,1.76515e+06,8
606,80919,-236
607,-439777,154
608,-878663,-68
609,2.42394e+06,114
610,-2.95767e+06,152
611,-1.87131e+06,38
612,2.24964e+06,72
613,-2.5931e+06,-20
614,46837,-130
615,-3.74104e+06,2
616,2.55184e+06,98
617,162631,-60
618,455823,14
619,-50049,-100
620,7.24691e+06,88
621,-1.12434e+06,30
622,-3.39654e+06,66
623,-1.17414e+06,-102
624,4.13846e+06,-2
625,2.17994e+06,6
626,4.80062e+06,-64
627,3.92844e+06,-112
628,5.19064e+06,82
629,2.17449e+06,-58
630,3.31409e+06,78
631,5.50013e+06,-94
632,25715,-80
633,5.50778e+06,146
634,-61709,108
635,4.07796e+06,-44
636,1.39373e+06,-146
637,632499,-114
638,2.7682e+06,38
639,438745,120
640,-3.56798e+06,120
641,-1.95107e+06,-92
642,-167279,-258
643,6.04902e+06,-68
644,433929,80
645,2.30142e+06,178
646,-1.28888e+06,-180
647,1.67641e+06,-62
648,1.40062e+06,0
649,-413943,14
650,669901,96
651,4.14196e+06,-36
652,-2.92681e+06,36
653,2.17645e+06,-44
654,472699,-40
655,1.79129e+06,138
656,-730917,-144
657,-1.04813e+06,0
658,-861399,194
659,1.00741e+06,2
660,3.16736e+06,36
661,3.90084e+06,-54
662,5.05989e+06,-68
663,926705,-30
664,2.64734e+06,-72
665,2.99402e+06,-68
666,87219,20
667,-115419,124
668,-787241,-250
669,4.25821e+06,-92
670,-592401,116
671,322869,110
672,1.17937e+06,28
673,3.01756e+06,190
674,1.93553e+06,20
675,7.2121e+06,28
676,310515,-172
677,1.18312e+06,116
678,1.42018e+06,68
679,2.98716e+06,-142
680,2.47033e+06,-138
681,-617791,74
682,2.12515e+06,-114
683,2.47319e+06,-30
684,-1.48018e+06,244
685,5.04106e+06,56
686,2.4798e+06,104
687,845900,-26
688,59253,32
689,1.08511e+06,98
690,244201,-58
691,1.03773e+06,0
692,998385,126
693,4.91829e+06,228
694,816981,-22
695,3.19724e+06,-150
696,2.85684e+06,28
697,4.85828e+06,72
698,1.52461e+06,-12
699,1.87055e+06,-172
700,-37767,12
701,452641,16
702,939559,-82
703,573414,98
704,435111,-42
705,3.06243e+06,34
706,-603509,-44
707,1.44329e+06,88
708,2.96755e+06,-122
709,5.65158e+06,0
710,1.59253e+06,104
711,274481,-128
712,2.73371e+06,-68
713,4.01138e+06,-118
714,1.32074e+06,168
715,-349377,-34
716,599667,-44
717,3.7014e+06,-58
718,1.91811e+06,124
719,-127829,84
720,2.71606e+06,-148
721,-841231,54
722,4.25256e+06,144
723,-123848,76
724,201219,-102
725,82540,26
726,93798,-104
727,111061,102
728,2.62249e+06,-50
729,5.28447e+06,144
730,4.43175e+06,-72
731,9.3845e+06,64
732,-845963,-68
733,2.91074e+06,-44
734,1.88532e+06,110
735,-813596,32
736,738907,42
737,4.13098e+06,-34
738,245829,186
739,2.33476e+06,-70
740,316741,278
741,-765047,76
742,3.56041e+06,30
743,2.638e+06,-124
744,1.32993e+06,92
745,2.63798e+06,82
746,363673,68
747,2.33853e+06,80
748,1.96484e+06,-18
749,3.77021e+06,-54
750,1.69002e+06,-34
751,-3.97753e+06,-4
752,-2.42229e+06,-108
753,986971,-42
754,1.93556e+06,-36
755,5.96957e+06,-148
756,3.32408e+06,-70
757,928151,-28
758,6.38823e+06,-212
759,3.76819e+06,128
760,-2.25429e+06,144
761,449065,-182
762,4.13409e+06,-98
763,1.34396e+06,-102
764,-1.89541e+06,50
765,4.79344e+06,12
766,1.10062e+06,16
767,-407801,-86
768,-1.16262e+06,38
769,-2.58622e+06,84
770,3.59655e+06,72
771,2.40002e+06,50
772,3.08411e+06,140
773,2.20878e+06,144
774,189135,2
775,3.25897e+06,12
776,-618740,-62
777,114229,-2
778,2.66322e+06,32
779,1.42692e+06,-42
780,148053,40
781,4.1932e+06,-68
782,2.17198e+06,144
783,-575107,36
784,1.91759e+06,88
785,2.34778e+06,-28
786,1.63453e+06,12
787,1.44792e+06,180
788,2.82796e+06,-148
789,4.23313e+06,60
790,2.15981e+06,-24
791,1.58628e+06,-102
792,3.77183e+06,20
793,2.15184e+06,-26
794,462056,72
795,1.68707e+06,-224
796,758421,248
797,-1.72372e+06,22
798,1.39119e+06,-42
799,2.71224e+06,-118
800,6.21917e+06,-20
801,283793,-30
802,4.74918e+06,36
803,-74899,108
804,3.47074e+06,-88
805,4.46516e+06,-64
806,4.12682e+06,102
807,2.61088e+06,82
808,1.77664e+06,142
809,2.08134e+06,-4
810,1.6322e+06,26
811,3.43087e+06,4
812,686343,-70
813,3.22804e+06,136
814,-4.20821e+06,-12
815,1.92521e+06,26
816,-122925,-44
817,-3.60284e+06,46
818,1.83136e+06,-24
819,-1.36079e+06,32
820,164675,42
821,-444023,-294
822,73527,-60
823,-964499,14
824,-760761,-64
825,-2.20652e+06,12
826,2.85508e+06,28
827,1.56621e+06,-72
828,-139711,16
829,443845,-104
830,-136755,22
831,-547429,110
832,2.22298e+06,-16
833,-2.94778e+06,-118
834,2.62982e+06,-102
835,13683,46
836,-3.34886e+06,-80
837,3.18897e+06,-60
838,5.8545e+06,-34
839,954801,-248
840,3.23356e+06,-102
841,1.22337e+06,100
842,3.96159e+06,-206
843,3.91786e+06,104
844,861891,-112
845,3.105e+06,50
846,1.08582e+06,126
847,1.3537e+06,16
848,3.21234e+06,140
849,898461,182
850,2.156e+06,-98
851,117903,-44
852,899034,-136
853,3.15796e+06,-56
854,2.08266e+06,-102
855,-348307,-114
856,1.37926e+06,0
857,5.11247e+06,-12
858,-803212,-96
859,-2.64886e+06,-94
860,2.22008e+06,-24
861,-3.03163e+06,80
862,-209255,-88
863,5.23721e+06,-146
864,896598,-96
865,-2.06028e+06,-246
866,4.9403e+06,-54
867,2.77345e+06,172
868,4.25556e+06,230
869,2.5977e+06,-86
870,4.67994e+06,-6
871,1.33823e+06,-58
872,1.52538e+06,2
873,4.48002e+06,6
874,1.92636e+06,40
875,1.37434e+06,76
876,3.31993e+06,-80
877,1.56856e+06,8
878,1.26011e+06,176
879,785517,-36
880,280905,190
881,-1.96479e+06,138
882,-2.41824e+06,120
883,6.57785e+06,-192
884,382991,-64
885,1.42119e+06,96
886,3.12951e+06,-10
887,3.22731e+06,-86
888,-1.61289e+06,182
889,-1.31744e+06,-120
890,3.02383e+06,94
891,419211,-172
892,-123469,-52
893,4.48657e+06,-104
894,4.85494e+06,-70
895,3.60589e+06,216
896,4.62364e+06,-16
897,3.18346e+06,104
898,-712419,230
899,2.33939e+06,16
900,3.65652e+06,8
901,4.40067e+06,198
902,2.01809e+06,-14
903,1.62366e+06,-20
904,2.8059e+06,-22
905,275625,-8
906,737425,58
907,1.98179e+06,-36
908,3.043e+06,62
909,6.77884e+06,32
910,-751365,-10
911,3.34452e+06,-50
912,5.63311e+06,-90
913,1.98899e+06,44
914,-3.55462e+06,-40
915,-1.01622e+06,12
916,1.79127e+06,-166
917,447649,20
918,-1.02928e+06,82
919,2.81236e+06,72
920,-202217,-10
921,-2.71147e+06,44
922,2.21008e+06,-158
923,2.7087e+06,-34
924,2.06485e+06,164
925,-2.07049e+06,166
926,-1.3791e+06,22
927,1.92244e+06,-28
928,41519,-104
929,-959393,38
930,5.04101e+06,-68
931,2.06632e+06,-58
932,4.14886e+06,-116
933,-1.36603e+06,48
934,3.00335e+06,-46
935,994177,130
936,960763,-78
937,1.47095e+06,104
938,3.51866e+06,192
939,2.81648e+06,-62
940,6.57648e+06,14
941,1.56611e+06,-98
942,2.73418e+06,-118
943,-908169,-48
944,1.96621e+06,-80
945,2.15211e+06,186
946,3.86994e+06,176
947,3.51414e+06,2
948,6.15739e+06,-114
949,2.20123e+06,-52
950,931091,-20
951,990979,-32
952,5.35614e+06,88
953,-62221,-98
954,1.41316e+06,-46
955,1.94391e+06,-166
956,3.23482e+06,98
957,2.04295e+06,-30
958,4.45206e+06,42
959,-733151,-68
960,1.62324e+06,62
961,-977195,66
962,1.86136e+06,-82
963,3.06055e+06,84
964,5.31567e+06,170
965,2.36808e+06,186
966,1.67084e+06,-86
967,-1.96e+06,96
968,2.5533e+06,30
969,487349,-36
970,-2.20683e+06,32
971,4.22231e+06,-6
972,340857,-58
973,243755,-6
974,1.70447e+06,36
975,-1.10548e+06,-6
976,-22593,-46
977,4.61328e+06,-118
978,2.79606e+06,110
979,-1.73974e+06,28
980,2.75519e+06,-92
981,-1.78994e+06,242
982,-1.33961e+06,2
983,239637,-186
984,2.38585e+06,80
985,4.40767e+06,82
986,1.19144e+06,24
987,-2.59734e+06,124
988,668199,60
989,-2.19348e+06,-4
990,4.09414e+06,-116
991,2.77914e+06,-18
992,147277,-154
993,469229,30
994,-1.91424e+06,-38
995,6.03187e+06,38
996,-40943,4
997,7.30612e+06,-114
998,-2.16407e+06,-88
999,1.98717e+06,142
