Temperature 1e+30
config,energy,magnetism
0,-263715,162
1,-1.61812e+06,-14
2,1.55521e+06,54
3,-2.2078e+06,-148
4,-2.25539e+06,116
5,-120258,-54
6,3.57263e+06,-82
7,-2.6183e+06,18
8,-33298,-4
9,2.12719e+06,124
10,-2.02312e+06,-38
11,852547,-22
12,-4.64292e+06,-4
13,-1.05447e+06,-276
14,-364456,-114
15,688771,144
16,-2.20647e+06,162
17,-767773,-84
18,-4.36996e+06,24
19,-1.22922e+06,66
20,-442573,-20
21,3.1732e+06,-6
22,784436,20
23,-6.08368e+06,80
24,-510921,48
25,118704,-156
26,458254,-12
27,-116225,102
28,2.22434e+06,200
29,151772,50
30,-3.29448e+06,-40
31,-3.04972e+06,46
32,3.73609e+06,226
33,3.04145e+06,-24
34,493586,66
35,-3.47517e+06,34
36,4.59856e+06,-132
37,2.65076e+06,46
38,1.52729e+06,-4
39,1.934e+06,18
40,699505,72
41,-1.07378e+06,-82
42,-1.50385e+06,-68
43,-633319,-132
44,1.64427e+06,-4
45,-1.42616e+06,-102
46,357096,-56
47,2.06992e+06,158
48,1.75834e+06,18
49,2.03788e+06,-32
50,-909290,-110
51,-1.9882e+06,-32
52,1.23782e+06,-52
53,2.38335e+06,6
54,-1.15351e+06,156
55,-999561,134
56,91807,112
57,3.54737e+06,-154
58,-1.58585e+06,-84
59,-2.12224e+06,82
60,-530015,-68
61,1.62287e+06,-24
62,-1.11516e+06,26
63,-643506,-52
64,3.3448e+06,12
65,-632255,146
66,3.20734e+06,12
67,624217,116
68,-1.1331e+06,182
69,1.20355e+06,72
70,1.32591e+06,-26
71,-1.54515e+06,-154
72,3.95012e+06,132
73,2.10446e+06,130
74,908942,32
75,-1.96643e+06,84
76,19019,34
77,-1.6113e+06,-40
78,-195672,-6
79,-1.84897e+06,-212
80,111215,58
81,867593,-74
82,-799512,-16
83,2.25757e+06,-8
84,2.69141e+06,8
85,-5.10018e+06,-242
86,-304095,-42
87,3.45668e+06,98
88,2.32577e+06,-38
89,-2.31198e+06,-46
90,256486,26
91,-1.73239e+06,26
92,-3.65108e+06,-42
93,743158,58
94,1.73923e+06,-170
95,2.82464e+06,28
96,-1.57353e+06,-232
97,703285,184
98,1.39175e+06,0
99,1.46378e+06,64
100,2.02015e+06,-4
101,-2.81287e+06,-134
102,2.9034e+06,30
103,741829,78
104,-2.10553e+06,-108
105,-4.5784e+06,-134
106,-938726,14
107,2.14275e+06,-90
108,2.44229e+06,70
109,-1.68627e+06,-110
110,254325,-132
111,727301,-76
112,1.73714e+06,-38
113,-38341,-14
114,-1.55662e+06,-136
115,674519,-156
116,-266523,-186
117,-2.47218e+06,90
118,5.09444e+06,336
119,1.43688e+06,80
120,879693,82
121,-3.58162e+06,-26
122,-2.35511e+06,146
123,-2.38028e+06,-48
124,-4.65546e+06,-110
125,-3.12073e+06,-76
126,1.56919e+06,-34
127,-1.37372e+06,-52
128,-2.89261e+06,112
129,-553641,-94
130,592797,-64
131,-1.24332e+06,-12
132,1.37391e+06,-90
133,1.41293e+06,-20
134,4.19432e+06,80
135,-3.65684e+06,-28
136,-2.62771e+06,36
137,-729195,10
138,5.56824e+06,10
139,-560861,-90
140,1.02751e+06,2
141,1.76282e+06,116
142,2.80118e+06,-20
143,-1.07677e+06,-100
144,-2.84534e+06,108
145,718746,-30
146,3.9553e+06,100
147,-1.37222e+06,98
148,-1.53291e+06,-66
149,-229785,-26
150,5.05954e+06,140
151,-783711,-98
152,-627549,22
153,258832,-240
154,1.6848e+06,70
155,-2.67654e+06,-64
156,-426779,150
157,-17803,158
158,1.39537e+06,122
159,-187855,102
160,-305755,-36
161,-2.7333e+06,112
162,-928745,-82
163,-1.12109e+06,-64
164,5.12594e+06,-18
165,1.11084e+06,52
166,-2.32153e+06,256
167,-1.91686e+06,190
168,-190743,-38
169,-97273,118
170,14349,58
171,285983,-142
172,-2.70333e+06,-92
173,1.42691e+06,158
174,-185021,196
175,1.76007e+06,-144
176,-224220,-92
177,489707,18
178,-668579,-112
179,-475898,162
180,-401149,-92
181,-872717,-120
182,1.40556e+06,-140
183,-140915,-44
184,1.81964e+06,0
185,2.23062e+06,138
186,4.2898e+06,-24
187,2.15813e+06,-34
188,-1.0509e+06,14
189,-4.14856e+06,-16
190,2.6213e+06,-142
191,-1.48981e+06,110
192,-1.09702e+06,24
193,1.90994e+06,76
194,-1.3822e+06,14
195,-2.7385e+06,0
196,-122281,-126
197,1.10818e+06,-10
198,2.88953e+06,-102
199,-1.6522e+06,40
200,-1.8887e+06,16
201,1.47462e+06,-4
202,2.07584e+06,22
203,2.95721e+06,178
204,-336101,-32
205,1.26202e+06,98
206,4.15495e+06,106
207,303875,32
208,47754,-30
209,-1.17368e+06,0
210,3.75734e+06,100
211,-1.4699e+06,-124
212,1.9082e+06,-76
213,2.14853e+06,8
214,1.3505e+06,-224
215,446749,56
216,2.82131e+06,58
217,3.29575e+06,108
218,1.46784e+06,-116
219,-766829,76
220,660733,-128
221,-2.60818e+06,104
222,-949347,14
223,1.09787e+06,42
224,1.81934e+06,-90
225,-999009,262
226,1.15524e+06,216
227,-1.24809e+06,-80
228,2.21264e+06,84
229,1.74121e+06,12
230,-50119,52
231,820433,64
232,1.25253e+06,-220
233,-841863,-26
234,1.78412e+06,-160
235,3.8911e+06,82
236,1.58385e+06,-104
237,-942369,-46
238,-415783,-70
239,2.43226e+06,14
240,1.9061e+06,-46
241,-126247,206
242,-1.76002e+06,-90
243,239605,98
244,4.18711e+06,112
245,764437,124
246,-2.6139e+06,78
247,-2.379e+06,204
248,-1.61637e+06,84
249,1.40448e+06,100
250,-3.65495e+06,22
251,47897,-40
252,119553,80
253,3.5991e+06,-176
254,478311,-232
255,-2.17255e+06,-178
256,1.60708e+06,60
257,54803,-62
258,-1.17596e+06,-10
259,-36195,-6
260,-302674,30
261,-3.8727e+06,-78
262,-4.32663e+06,-82
263,-3.26722e+06,-78
264,-3.4995e+06,-2
265,1.63421e+06,-136
266,-191655,-126
267,-3.24905e+06,90
268,-1.79424e+06,-68
269,1.26354e+06,10
270,-2.74728e+06,-28
271,1.4247e+06,26
272,-1.01147e+06,32
273,-751967,-78
274,2.94383e+06,-94
275,3.06667e+06,82
276,-935655,-168
277,-1.97395e+06,-66
278,-1.57059e+06,-4
279,140853,6
280,-91909,-52
281,627199,20
282,-2.00318e+06,96
283,4.4137e+06,-110
284,-5.53627e+06,-92
285,930531,98
286,-1.47938e+06,-28
287,470117,-46
288,2.9042e+06,62
289,4.38839e+06,24
290,1.51607e+06,-22
291,-306406,-252
292,2.37783e+06,118
293,627033,156
294,-910235,30
295,679461,-238
296,2.3515e+06,-76
297,1.28156e+06,-36
298,1.35819e+06,18
299,3.21306e+06,-98
300,2.3026e+06,136
301,-419693,62
302,1.22991e+06,-92
303,242243,-170
304,2.56154e+06,102
305,-113495,-12
306,173067,-64
307,-426115,-86
308,-547795,-106
309,2.10772e+06,20
310,2.12522e+06,132
311,-2.23978e+06,-148
312,3.93113e+06,40
313,2.0571e+06,-148
314,583351,-20
315,2.28899e+06,270
316,266879,-116
317,2.69302e+06,-64
318,577149,-18
319,-1.40212e+06,138
320,-459523,48
321,-790819,-40
322,771103,-50
323,-1.03837e+06,-92
324,-3.18479e+06,-52
325,-4.90329e+06,100
326,-1.18256e+06,-36
327,2.19875e+06,-8
328,2.00897e+06,-72
329,-1.40461e+06,-30
330,-670231,-124
331,-2.71124e+06,-116
332,-409743,268
333,-411599,-102
334,-1.94574e+06,56
335,2.20315e+06,-24
336,2.80004e+06,-150
337,179091,-76
338,809041,274
339,-2.8374e+06,8
340,-563805,252
341,1.21423e+06,-44
342,1.06489e+06,-62
343,-170021,-94
344,3.2192e+06,36
345,-2.74064e+06,-82
346,749635,86
347,4.85665e+06,40
348,951729,50
349,-126965,14
350,2.3277e+06,60
351,1.05932e+06,-76
352,1.1183e+06,-108
353,813749,138
354,-3.11476e+06,-198
355,1.84298e+06,-96
356,907707,-142
357,-886679,128
358,822761,92
359,-2.31435e+06,-154
360,1.99876e+06,-200
361,-1.22459e+06,152
362,5.04367e+06,-134
363,2.07455e+06,84
364,3.95267e+06,-30
365,472977,-88
366,-1.99287e+06,-88
367,355254,-80
368,-885627,-26
369,1.04189e+06,184
370,-2.33442e+06,-48
371,271313,146
372,-1.67957e+06,34
373,-1.07243e+06,42
374,485229,-56
375,-1.03406e+06,-150
376,1.48257e+06,-136
377,-2.53887e+06,104
378,359319,-16
379,26110,-74
380,-438063,2
381,2.1085e+06,84
382,-1.46608e+06,-60
383,399801,-64
384,181201,102
385,3.44944e+06,14
386,-228423,32
387,-831587,90
388,-806483,82
389,-2.63312e+06,-10
390,-689795,-86
391,-57819,-62
392,-1.51277e+06,-64
393,2.09294e+06,140
394,1.14167e+06,62
395,-3.82671e+06,12
396,-199979,-64
397,3.7653e+06,-8
398,580451,-42
399,1.12702e+06,-150
400,376194,60
401,-1.68188e+06,62
402,3.29124e+06,-8
403,1.25547e+06,-50
404,-179709,-188
405,2.79119e+06,-102
406,-2.12279e+06,-14
407,-1.25733e+06,-74
408,-547353,114
409,-1.85705e+06,158
410,1.29565e+06,-44
411,543371,-156
412,1.8177e+06,38
413,1.67357e+06,-102
414,63220,-64
415,-105379,-80
416,240064,94
417,-2.23192e+06,-20
418,439061,32
419,4.78908e+06,120
420,1.00104e+06,92
421,540649,70
422,502099,-32
423,-772751,104
424,2.32195e+06,-10
425,-2.82026e+06,62
426,1.06196e+06,44
427,-1.52704e+06,16
428,-2.12399e+06,-58
429,1.83331e+06,96
430,-2.72419e+06,40
431,-889651,-154
432,-1.47542e+06,118
433,1.52222e+06,96
434,1.48568e+06,2
435,-636407,174
436,-88457,-14
437,-1.4364e+06,-30
438,-1.02918e+06,96
439,3.91471e+06,-128
440,3.64047e+06,2
441,1.96974e+06,44
442,-208900,20
443,-1.85825e+06,56
444,-1.35997e+06,-120
445,-805883,-80
446,-1.12784e+06,-148
447,1.5064e+06,116
448,1.24185e+06,-2
449,1.66789e+06,-64
450,-3.12268e+06,44
451,-652931,162
452,804102,-18
453,-1.79284e+06,-68
454,-1.01891e+06,122
455,929503,-68
456,-1.17732e+06,-62
457,223267,-40
458,280023,28
459,2.15242e+06,14
460,4.344e+06,120
461,1.69275e+06,264
462,1.61131e+06,58
463,264457,-152
464,1.30234e+06,-208
465,1.275e+06,52
466,-3.81803e+06,154
467,2.80853e+06,-84
468,2.18085e+06,-68
469,-3.17318e+06,-126
470,2.02185e+06,76
471,-1.86178e+06,-56
472,2.59785e+06,20
473,183409,-140
474,-249623,-52
475,-2.25335e+06,242
476,-1.90755e+06,182
477,-2.45321e+06,150
478,-1.65183e+06,-66
479,-1.47428e+06,128
480,-842721,-166
481,265315,-18
482,-3.18197e+06,86
483,62271,22
484,-1.72166e+06,-102
485,418587,46
486,3.75924e+06,-50
487,-901665,-152
488,-882980,56
489,-344563,60
490,2.10166e+06,-12
491,-285313,-52
492,-2.73148e+06,86
493,-80767,-8
494,-3.59298e+06,-82
495,382955,-254
496,-1.22442e+06,-72
497,-184231,12
498,824837,-88
499,-2.68247e+06,92
500,-3.0898e+06,-64
501,1.7548e+06,82
502,2.23199e+06,-84
503,-5.07542e+06,174
504,-543519,-172
505,-2.45673e+06,-200
506,-1.42828e+06,-92
507,-4.36605e+06,-52
508,-547551,-120
509,-2.61976e+06,16
510,-2.21891e+06,-36
511,-2.3534e+06,30
512,-406231,146
513,125565,-80
514,1.95874e+06,12
515,-2.96426e+06,-100
516,1.64667e+06,-140
517,845636,-224
518,256357,-94
519,-6.24848e+06,-110
520,-269017,128
521,2.68752e+06,-190
522,524213,220
523,1.84299e+06,-152
524,-2.77924e+06,-118
525,-2.29961e+06,142
526,2.61925e+06,86
527,-2.46432e+06,12
528,-8855,306
529,2.95972e+06,200
530,1.88876e+06,12
531,502109,-44
532,-1.62706e+06,-58
533,2.72324e+06,-90
534,-623935,108
535,-1.89859e+06,-48
536,3.28588e+06,-22
537,-896739,-70
538,-1.98676e+06,106
539,242551,-64
540,-1.50146e+06,-50
541,832393,64
542,-1.42344e+06,100
543,-974605,-44
544,-2.52849e+06,-34
545,-1.65418e+06,-30
546,-1.85829e+06,8
547,1.94241e+06,-224
548,-2.74459e+06,-30
549,2.16345e+06,140
550,840997,-226
551,1.37139e+06,40
552,-1.1984e+06,172
553,-1.46212e+06,-108
554,2.413e+06,0
555,2.37087e+06,148
556,-2.35818e+06,-176
557,-2.27142e+06,-72
558,-3.04889e+06,-160
559,-307405,-94
560,-764887,38
561,495747,8
562,1.54423e+06,-12
563,172076,10
564,1.81416e+06,44
565,2.91194e+06,32
566,106669,-60
567,282825,-118
568,-1.81137e+06,6
569,756951,170
570,-71311,78
571,2.18926e+06,-72
572,-791010,32
573,-2.61382e+06,-48
574,-1.62932e+06,-40
575,-5.38867e+06,-116
576,525735,102
577,1.07943e+06,-152
578,1.52438e+06,156
579,-519020,-96
580,-2.5617e+06,-52
581,876557,84
582,465709,42
583,-27768,66
584,939783,68
585,-129987,44
586,631191,32
587,382241,150
588,-617315,-8
589,2.33257e+06,88
590,2.69153e+06,-4
591,1.50324e+06,-58
592,3.04882e+06,42
593,2.65637e+06,-28
594,1.17714e+06,-30
595,-1.91914e+06,-32
596,-1.2845e+06,-86
597,1.8819e+06,-86
598,-1.42446e+06,122
599,-629281,88
600,2.59286e+06,30
601,-885625,42
602,1.08187e+06,130
603,737529,-46
604,2.33604e+06,-120
605,890661,-14
606,74491,-238
607,-4.5543e+06,110
608,-4.24013e+06,-42
609,2.29447e+06,104
610,-4.62625e+06,186
611,-2.45678e+06,10
612,248643,86
613,-3.71009e+06,-6
614,-2.18832e+06,-106
615,-4.8544e+06,8
616,-392705,80
617,139475,-60
618,119483,12
619,-1.11515e+06,-92
620,4.59994e+06,68
621,-1.64741e+06,30
622,-3.63815e+06,64
623,-2.21293e+06,-118
624,3.15231e+06,-4
625,-854113,46
626,3.88874e+06,-44
627,3.8336e+06,-116
628,684914,86
629,-1.13405e+06,-80
630,350897,86
631,5.08016e+06,-108
632,-1.19294e+06,-52
633,130095,204
634,-242993,102
635,993985,2
636,-61811,-136
637,-491761,-104
638,658457,84
639,-472349,136
640,-5.58098e+06,106
641,-2.17997e+06,-98
642,-2.74375e+06,-276
643,1.89567e+06,-94
644,-2.0801e+06,70
645,1.36493e+06,204
646,-2.73033e+06,-194
647,556721,-74
648,-376195,-32
649,-1.47234e+06,2
650,-1.39794e+06,80
651,2.45356e+06,-8
652,-3.36462e+06,34
653,190210,-32
654,-343493,-40
655,-2.02495e+06,136
656,-1.93662e+06,-102
657,-2.24128e+06,12
658,-640179,186
659,359399,18
660,2.7819e+06,14
661,3.89869e+06,-54
662,-153265,-106
663,720089,-56
664,1.9554e+06,-74
665,-343293,-78
666,-924687,14
667,108831,120
668,-1.4725e+06,-226
669,1.74249e+06,-56
670,-3.8676e+06,66
671,462175,118
672,-1.2058e+06,62
673,101927,192
674,528129,36
675,5.63617e+06,44
676,-4.72636e+06,-170
677,-101013,138
678,1.0659e+06,70
679,1.49599e+06,-174
680,2.44335e+06,-140
681,-2.62865e+06,66
682,909411,-68
683,1.61944e+06,-10
684,-3.63266e+06,240
685,1.45328e+06,64
686,761053,102
687,-2.049e+06,-30
688,-1.54625e+06,46
689,-1.0759e+06,86
690,-1.34004e+06,-74
691,-2.68255e+06,-6
692,25293,144
693,4.58299e+06,220
694,-155321,-6
695,3.02494e+06,-162
696,1.77304e+06,8
697,2.99949e+06,48
698,121258,4
699,657427,-174
700,-895591,12
701,-1.02248e+06,0
702,839927,-94
703,-889638,66
704,-328831,-42
705,329813,52
706,-1.66068e+06,-44
707,1.71378e+06,88
708,1.67967e+06,-116
709,4.05135e+06,8
710,-2.91735e+06,76
711,-1.25116e+06,-108
712,1.82601e+06,-78
713,2.6906e+06,-112
714,1.12669e+06,166
715,-3.33064e+06,-10
716,-1.92874e+06,-52
717,2.36819e+06,-50
718,-552133,96
719,-319701,80
720,-950609,-158
721,-3.22463e+06,46
722,2.01644e+06,152
723,-176578,76
724,691515,-98
725,-2.1954e+06,-18
726,-460604,-106
727,-2.48051e+06,114
728,1.21896e+06,-42
729,-1.22519e+06,134
730,4.57394e+06,-86
731,4.33799e+06,88
732,-2.27514e+06,-82
733,1.96927e+06,-58
734,121623,178
735,-1.62765e+06,28
736,-392761,70
737,2.53125e+06,-56
738,-1.04404e+06,168
739,-1.34371e+06,-32
740,-426918,288
741,-2.67494e+06,84
742,3.21234e+06,-4
743,2.43293e+06,-114
744,645305,96
745,2.62459e+06,74
746,-799941,56
747,-1.8763e+06,138
748,904065,-8
749,1.96313e+06,-78
750,1.34227e+06,-40
751,-3.98542e+06,-10
752,-4.00681e+06,-108
753,213121,-44
754,595903,-22
755,1.62962e+06,-148
756,3.16607e+06,-76
757,-1.77863e+06,-38
758,4.38893e+06,-208
759,2.06544e+06,114
760,-2.69213e+06,144
761,133435,-192
762,3.95158e+06,-94
763,26463,-142
764,-3.05704e+06,52
765,-2.41836e+06,46
766,708793,22
767,-2.19732e+06,-104
768,-3.54076e+06,34
769,-4.5981e+06,94
770,-141031,92
771,1.67731e+06,64
772,1.54978e+06,114
773,684511,146
774,39413,4
775,2.10709e+06,32
776,-1.28656e+06,-78
777,-366641,4
778,2.36007e+06,16
779,795659,-30
780,-6683,42
781,3.98282e+06,-76
782,2.15493e+06,140
783,-853893,46
784,1.76407e+06,92
785,16921,-50
786,1.00088e+06,-6
787,-260399,212
788,-907177,-164
789,3.8343e+06,56
790,432766,-36
791,-1.24839e+06,-124
792,3.79892e+06,14
793,800485,-6
794,-151338,32
795,615427,-210
796,253486,244
797,-2.7644e+06,16
798,558715,-44
799,-504313,-138
800,2.53317e+06,-4
801,-801589,-40
802,1.8796e+06,68
803,-5.1458e+06,102
804,3.18785e+06,-84
805,3.21348e+06,-42
806,2.52687e+06,148
807,-458231,92
808,753467,152
809,956485,14
810,-5.67893e+06,0
811,-2.20724e+06,20
812,300541,-70
813,1.46737e+06,142
814,-6.38005e+06,-58
815,1.46409e+06,46
816,-1.77571e+06,-68
817,-4.41894e+06,50
818,1.11872e+06,-8
819,-3.27878e+06,44
820,-1.28263e+06,54
821,-2.2629e+06,-250
822,-715807,-52
823,-2.29042e+06,4
824,-1.44668e+06,-78
825,-2.5637e+06,4
826,1.89807e+06,38
827,1.2194e+06,-74
828,-425549,0
829,289593,-106
830,-136755,22
831,-1.41584e+06,140
832,2.21148e+06,-16
833,-4.53286e+06,-90
834,1.25763e+06,-90
835,-981609,48
836,-4.09659e+06,-84
837,2.00825e+06,-56
838,2.04239e+06,-40
839,-587313,-230
840,1.42029e+06,-88
841,382964,108
842,1.06847e+06,-194
843,440939,90
844,-1.04748e+06,-126
845,1.86951e+06,54
846,-2.45588e+06,102
847,462209,20
848,1.94818e+06,142
849,418119,210
850,-525855,-118
851,-198873,-54
852,899034,-136
853,2.70819e+06,-64
854,492179,-110
855,-790249,-110
856,1.47732e+06,8
857,1.51229e+06,2
858,-2.01068e+06,-90
859,-6.11276e+06,-60
860,758793,-16
861,-4.2e+06,58
862,-555537,-72
863,184733,-180
864,-491663,-78
865,-2.06028e+06,-246
866,2.49016e+06,-136
867,1.25828e+06,178
868,1.18418e+06,246
869,-369161,-100
870,3.06714e+06,-2
871,395643,-38
872,595641,-34
873,3.19855e+06,14
874,-3.05191e+06,66
875,-1.15413e+06,94
876,3.19391e+06,-78
877,415075,6
878,-421345,200
879,989891,-44
880,186072,192
881,-3.52392e+06,148
882,-3.06773e+06,98
883,2.24492e+06,-226
884,433461,-64
885,-1.95225e+06,62
886,2.93797e+06,8
887,-167617,22
888,-4.33731e+06,204
889,-1.69354e+06,-136
890,3.02383e+06,94
891,29987,-184
892,-389363,-60
893,767277,-66
894,3.21179e+06,-74
895,2.07781e+06,220
896,4.30064e+06,-18
897,2.15393e+06,82
898,-1.79594e+06,228
899,-694049,16
900,668375,20
901,-402761,226
902,1.20784e+06,-2
903,-955213,-26
904,-231521,-26
905,-227835,-8
906,61519,56
907,996243,-40
908,353685,50
909,2.50808e+06,50
910,-5.04266e+06,70
911,3.24435e+06,-32
912,5.38268e+06,-90
913,1.17455e+06,60
914,-5.44099e+06,-98
915,-1.61973e+06,14
916,-450323,-170
917,376701,20
918,-2.11228e+06,98
919,-1.16492e+06,122
920,-1.14794e+06,24
921,-2.85115e+06,42
922,2.24778e+06,-168
923,2.4274e+06,-20
924,337387,154
925,-3.30552e+06,132
926,-2.05984e+06,30
927,1.3086e+06,-12
928,-1.09393e+06,-130
929,-1.86408e+06,44
930,2.7145e+06,-38
931,-132681,-48
932,3.57974e+06,-112
933,-2.85041e+06,22
934,2.49382e+06,-72
935,81705,116
936,661411,-78
937,351611,84
938,3.10805e+06,198
939,2.52726e+06,-60
940,5.63633e+06,-2
941,-594714,-98
942,2.06826e+06,-118
943,-2.76726e+06,-44
944,1.52443e+06,-100
945,1.519e+06,192
946,1.35443e+06,164
947,542877,-6
948,3.99041e+06,-138
949,1.43328e+06,-40
950,1.04385e+06,-10
951,-899145,0
952,625415,84
953,-1.4649e+06,-94
954,672551,-40
955,1.82242e+06,-170
956,1.51516e+06,112
957,1.48723e+06,-38
958,4.06939e+06,46
959,-851245,-68
960,-2.01314e+06,48
961,-2.22016e+06,72
962,-1.58843e+06,-104
963,1.92967e+06,70
964,4.33833e+06,206
965,2.26398e+06,158
966,148427,-80
967,-2.12618e+06,98
968,1.47129e+06,60
969,-121361,-34
970,-2.27869e+06,50
971,3.51532e+06,-2
972,-294869,-54
973,-198075,-4
974,1.2114e+06,38
975,-2.16314e+06,-14
976,-1.0549e+06,-62
977,1.16921e+06,-132
978,-1.36936e+06,120
979,-2.33552e+06,28
980,2.6674e+06,-100
981,-1.86428e+06,232
982,-1.02552e+06,4
983,-730783,-198
984,329318,138
985,2.56765e+06,92
986,-653941,16
987,-3.70201e+06,120
988,385443,62
989,-3.58497e+06,14
990,3.60049e+06,-116
991,2.42747e+06,2
992,93139,-152
993,-3.4352e+06,6
994,-2.21404e+06,-50
995,5.75206e+06,30
996,-1.52417e+06,26
997,3.55369e+06,-160
998,-2.58849e+06,-94
999,1.00898e+06,142
