Temperature 1e+26
config,energy,magnetism
0,-22,-8
1,6,8
2,-22,-2
3,-26,6
4,-2,6
5,2,12
6,26,0
7,-6,14
8,-26,-14
9,22,-10
10,22,12
11,-14,12
12,-10,0
13,-22,-8
14,-6,-18
15,-10,-18
16,-18,-8
17,-26,4
18,-2,4
19,-10,0
20,6,-6
21,26,6
22,2,0
23,-6,0
24,18,10
25,10,18
26,2,2
27,14,-8
28,-14,6
29,-10,-20
30,-22,4
31,42,-6
32,2,14
33,18,-4
34,-26,-2
35,6,8
36,-6,6
37,10,-6
38,-14,10
39,2,-6
40,-22,-2
41,18,-2
42,34,-24
43,-10,-10
44,-18,14
45,-34,-2
46,2,4
47,-30,12
48,-6,0
49,-42,18
50,-26,0
51,38,18
52,-2,4
53,2,10
54,-6,-4
55,-18,-4
56,-10,8
57,2,8
58,26,-8
59,14,12
60,34,0
61,10,14
62,-22,-8
63,30,2
64,-34,-10
65,50,-2
66,26,-8
67,-34,-6
68,-10,6
69,2,2
70,14,2
71,10,-6
72,-26,-2
73,-30,0
74,38,-10
75,22,-4
76,-18,0
77,14,-2
78,14,8
79,-30,6
80,-10,-16
81,-30,0
82,2,0
83,6,-6
84,-54,0
85,-30,10
86,-6,-4
87,6,-6
88,-22,18
89,14,2
90,14,8
91,-26,-2
92,-14,12
93,30,0
94,6,8
95,18,12
96,-14,4
97,-14,-8
98,10,-14
99,18,-2
100,-14,-10
101,18,12
102,6,10
103,6,-2
104,-22,24
105,10,-12
106,14,0
107,22,-12
108,34,0
109,-10,10
110,38,4
111,-2,-2
112,-18,-6
113,-2,8
114,-30,-4
115,-34,2
116,-10,-10
117,22,6
118,26,2
119,10,-16
120,2,-8
121,-38,28
122,42,2
123,6,-10
124,-30,-8
125,22,-8
126,-6,-10
127,14,2
128,6,18
129,-18,-12
130,-18,-24
131,30,4
132,-14,-16
133,-6,10
134,2,0
135,14,-8
136,54,6
137,2,-14
138,-2,2
139,18,-10
140,18,-4
141,14,-16
142,-2,-4
143,18,-6
144,2,14
145,-14,-6
146,26,14
147,-18,-6
148,-6,2
149,-26,2
150,-10,0
151,-18,20
152,-22,-30
153,22,2
154,2,14
155,14,6
156,2,0
157,2,6
158,10,-8
159,22,8
160,10,-4
161,2,4
162,-38,14
163,18,6
164,-10,-6
165,-22,10
166,30,10
167,-18,-10
168,26,-4
169,2,-8
170,26,2
171,6,-10
172,-6,6
173,-6,4
174,-10,10
175,-2,-6
176,6,2
177,-18,-2
178,-38,-2
179,46,8
180,-6,4
181,-6,4
182,-34,-12
183,10,2
184,10,-4
185,26,4
186,2,12
187,-22,4
188,-6,8
189,-6,-6
190,6,4
191,-26,22
192,10,4
193,-14,-4
194,-34,-6
195,-26,0
196,-2,2
197,22,0
198,46,-8
199,-10,4
200,-26,-22
201,-14,-2
202,-6,-2
203,-10,6
204,-6,-20
205,-14,-16
206,30,2
207,-42,-8
208,18,0
209,6,-2
210,-2,2
211,14,-4
212,-14,12
213,-18,0
214,-34,-8
215,46,-8
216,-2,-2
217,34,4
218,-38,6
219,18,2
220,-38,-16
221,14,2
222,-2,-12
223,-6,14
224,18,10
225,-6,-6
226,30,10
227,-6,4
228,-6,18
229,34,-10
230,-10,-2
231,34,0
232,-10,-10
233,-14,24
234,22,-12
235,-22,-10
236,2,-14
237,30,-8
238,-2,-14
239,18,-4
240,22,18
241,18,-8
242,-10,-6
243,26,6
244,2,-14
245,34,6
246,22,-2
247,2,0
248,14,-8
249,-6,-2
250,30,-8
251,22,0
252,-10,-12
253,6,-24
254,2,-12
255,22,4
256,-2,-4
257,26,10
258,-30,6
259,30,4
260,26,-2
261,-10,6
262,-2,22
263,-2,-2
264,-6,12
265,30,6
266,-14,10
267,54,4
268,-14,16
269,-30,-12
270,-18,2
271,-22,20
272,-22,-6
273,26,-2
274,2,-8
275,-18,-6
276,-2,-6
277,-22,-4
278,14,8
279,18,-8
280,-10,-18
281,-42,10
282,2,26
283,-62,10
284,10,-10
285,-18,4
286,22,20
287,-30,-2
288,46,-6
289,2,6
290,26,16
291,6,8
292,-2,12
293,34,-16
294,-18,-8
295,14,10
296,18,2
297,22,-6
298,2,-4
299,22,-4
300,-2,-2
301,2,4
302,2,-14
303,26,4
304,14,-2
305,22,-2
306,26,22
307,26,-16
308,-42,12
309,-6,8
310,-6,8
311,6,-10
312,18,10
313,-14,8
314,18,6
315,-2,-12
316,-38,-6
317,-22,20
318,14,2
319,2,4
320,-2,-2
321,22,8
322,2,10
323,6,-2
324,34,10
325,42,2
326,2,-6
327,10,-10
328,14,0
329,6,-4
330,6,6
331,22,12
332,-6,6
333,-6,8
334,-26,-8
335,22,-4
336,-6,6
337,6,8
338,-2,-2
339,22,20
340,-30,-2
341,-2,4
342,10,-14
343,-22,-2
344,-18,-8
345,-6,-4
346,-2,6
347,-14,-4
348,-18,6
349,10,12
350,6,-4
351,26,14
352,-18,-18
353,-2,0
354,42,10
355,2,-14
356,-10,4
357,-26,-2
358,-34,-14
359,-14,-2
360,14,0
361,2,8
362,10,16
363,-6,12
364,14,-24
365,-14,-14
366,14,16
367,-2,0
368,-30,0
369,42,10
370,-6,-12
371,18,2
372,-10,8
373,-26,18
374,6,0
375,10,8
376,34,2
377,22,8
378,-62,-6
379,-22,-14
380,18,14
381,22,2
382,6,-4
383,-6,-4
384,10,0
385,-6,2
386,-6,-10
387,-14,-14
388,14,2
389,-38,-16
390,14,14
391,18,4
392,-34,-10
393,30,-2
394,26,-2
395,-6,0
396,-6,-16
397,-6,6
398,6,6
399,2,-10
400,14,-6
401,-14,-8
402,-10,-20
403,2,8
404,14,-12
405,-14,6
406,-10,6
407,22,-2
408,6,4
409,14,0
410,-18,6
411,6,8
412,18,-14
413,34,8
414,-2,-12
415,-18,-10
416,-38,4
417,2,4
418,22,0
419,-10,0
420,-2,2
421,30,4
422,-22,8
423,-26,4
424,-2,-6
425,-2,-4
426,-2,8
427,34,-6
428,18,16
429,-22,10
430,34,-10
431,-14,10
432,-34,24
433,6,0
434,-14,-12
435,2,16
436,2,10
437,-14,2
438,-2,10
439,26,-8
440,10,-4
441,10,6
442,38,-2
443,6,10
444,2,-8
445,6,6
446,-2,12
447,10,4
448,22,-2
449,26,-2
450,26,-4
451,6,8
452,-2,18
453,2,-6
454,14,0
455,-26,2
456,-18,14
457,14,16
458,-10,0
459,-14,-2
460,-18,-2
461,-2,16
462,26,-10
463,-10,-18
464,22,-6
465,18,-6
466,-14,16
467,10,-12
468,26,-6
469,-50,-12
470,-26,-20
471,26,-6
472,2,2
473,14,-2
474,10,2
475,-18,0
476,6,10
477,10,-8
478,-2,16
479,-14,0
480,-70,12
481,-2,-4
482,-22,10
483,-6,-8
484,6,-6
485,-10,10
486,-14,2
487,18,-6
488,6,0
489,-18,-20
490,-18,10
491,-14,-4
492,26,6
493,10,-10
494,-38,4
495,-54,-16
496,-26,2
497,-6,-2
498,-18,6
499,14,-4
500,-14,28
501,26,-8
502,-10,-4
503,18,4
504,-10,-8
505,-2,-2
506,34,18
507,50,6
508,-6,-4
509,6,-4
510,6,-10
511,10,6
512,2,4
513,10,-4
514,-18,4
515,6,-10
516,34,6
517,-2,-8
518,-2,6
519,-22,-8
520,-6,6
521,46,14
522,-34,6
523,26,-12
524,18,0
525,-18,2
526,18,-4
527,-2,-6
528,18,-14
529,10,10
530,-54,-16
531,26,4
532,-10,-10
533,-22,-24
534,-30,-10
535,-6,4
536,-42,6
537,22,-8
538,10,-8
539,-2,8
540,10,-14
541,6,0
542,18,14
543,-6,-8
544,-38,2
545,-18,4
546,10,14
547,18,16
548,14,12
549,26,0
550,30,-4
551,-6,-10
552,22,-8
553,6,2
554,10,-6
555,2,-4
556,-6,-14
557,10,-10
558,10,4
559,22,-10
560,-38,-10
561,-6,-6
562,-10,0
563,-10,-18
564,30,-8
565,-22,2
566,-2,8
567,50,-6
568,10,14
569,-18,-6
570,-10,10
571,2,4
572,-10,-10
573,30,-6
574,-2,2
575,18,6
576,2,-8
577,-34,-2
578,34,4
579,14,-4
580,-14,0
581,26,4
582,-18,8
583,6,0
584,-18,-2
585,-2,8
586,14,-8
587,6,4
588,-22,-6
589,6,-2
590,-6,22
591,2,-12
592,10,16
593,2,0
594,46,2
595,-6,8
596,-10,16
597,-18,-10
598,-6,-12
599,18,-10
600,-18,-8
601,14,2
602,-2,26
603,38,8
604,-18,-18
605,-30,12
606,6,10
607,2,-8
608,-34,-8
609,-22,-4
610,6,6
611,-18,6
612,18,2
613,-26,-20
614,30,-6
615,2,-16
616,-2,2
617,-18,12
618,-10,-8
619,-10,12
620,-30,4
621,-6,-6
622,2,0
623,-14,10
624,2,-20
625,-34,-12
626,2,-8
627,22,-6
628,-14,-2
629,14,8
630,-6,-8
631,-10,16
632,-26,-2
633,10,14
634,6,-2
635,6,6
636,30,-2
637,26,-14
638,-30,0
639,30,0
640,-14,-12
641,-26,12
642,2,8
643,-34,4
644,2,-2
645,2,-18
646,10,-4
647,-10,-2
648,-10,16
649,-14,4
650,2,-14
651,-22,14
652,-2,-12
653,10,2
654,2,6
655,10,20
656,26,-8
657,6,-4
658,-38,8
659,-26,-12
660,-2,-4
661,2,-14
662,-6,-4
663,2,-6
664,2,6
665,26,6
666,2,16
667,-26,22
668,34,16
669,-14,6
670,-14,14
671,10,6
672,-30,-14
673,10,0
674,-6,-4
675,-18,2
676,18,6
677,10,22
678,10,8
679,14,8
680,-10,-20
681,-30,-2
682,42,-2
683,-22,-24
684,-6,0
685,-22,-12
686,-30,26
687,-18,8
688,-22,16
689,-14,-12
690,-6,4
691,2,6
692,-2,18
693,14,-8
694,-10,8
695,6,0
696,6,2
697,-26,6
698,14,2
699,-6,-12
700,14,2
701,-2,-14
702,-22,22
703,-18,2
704,22,-8
705,-22,16
706,14,12
707,6,16
708,22,16
709,2,-4
710,-10,-10
711,18,-6
712,10,2
713,-6,-2
714,2,0
715,42,10
716,62,-10
717,10,12
718,-46,-14
719,14,-8
720,10,8
721,22,-6
722,18,-6
723,2,-10
724,2,2
725,30,-4
726,2,-12
727,18,8
728,30,-6
729,-6,-6
730,6,-8
731,-26,18
732,-10,8
733,14,-4
734,-10,-4
735,30,8
736,-2,-10
737,-2,-8
738,-10,18
739,-10,18
740,14,4
741,34,-6
742,2,-6
743,-6,-30
744,-6,-10
745,-26,-6
746,-14,4
747,42,0
748,18,-16
749,-18,10
750,-26,12
751,-26,-20
752,-18,-6
753,-42,2
754,34,-10
755,-18,18
756,-14,4
757,10,0
758,10,4
759,-6,8
760,38,0
761,-2,12
762,6,2
763,-22,2
764,-10,4
765,-22,-16
766,14,12
767,-34,2
768,14,-16
769,10,-8
770,-22,-16
771,-6,-10
772,-2,-4
773,2,-2
774,-14,2
775,-18,2
776,-10,4
777,2,0
778,2,-10
779,-10,0
780,-6,16
781,18,0
782,-2,-2
783,6,-12
784,-38,16
785,22,-12
786,-14,-6
787,18,-4
788,-2,2
789,6,-2
790,-6,18
791,2,-6
792,-10,4
793,10,2
794,-2,-14
795,22,4
796,-30,22
797,34,2
798,-18,8
799,38,0
800,-2,24
801,2,10
802,10,-4
803,-6,-16
804,-18,-4
805,-10,-16
806,-2,-2
807,-18,-22
808,26,-10
809,6,-4
810,-2,0
811,-10,10
812,14,-12
813,-6,24
814,14,-6
815,10,6
816,34,-6
817,46,2
818,6,-10
819,-10,12
820,-26,6
821,-22,26
822,2,0
823,-2,-20
824,2,-4
825,34,-18
826,2,4
827,22,-2
828,46,8
829,-6,-6
830,-10,-12
831,2,10
832,-6,-2
833,-30,8
834,-14,12
835,34,-6
836,10,8
837,-6,20
838,-26,18
839,-30,4
840,6,16
841,6,8
842,10,8
843,2,4
844,-6,2
845,30,10
846,-14,8
847,-2,-14
848,6,-6
849,2,-10
850,18,12
851,14,-2
852,-22,-2
853,2,2
854,-26,0
855,-22,-10
856,-26,4
857,-6,16
858,-26,10
859,-22,6
860,-14,14
861,2,6
862,-14,12
863,-22,-12
864,-10,18
865,22,6
866,18,-8
867,-2,14
868,-18,-12
869,18,2
870,-6,8
871,2,6
872,-26,-8
873,34,0
874,10,0
875,18,-16
876,10,-2
877,14,-4
878,-2,2
879,18,-20
880,14,-12
881,-42,-18
882,-10,10
883,-74,6
884,-26,-10
885,-14,-6
886,38,16
887,-2,14
888,-18,-2
889,-14,-10
890,14,18
891,-6,8
892,2,-16
893,18,-10
894,14,-4
895,2,2
896,26,-16
897,-14,12
898,-26,-14
899,-14,16
900,2,12
901,-6,-2
902,-30,-26
903,-6,-2
904,-6,6
905,-6,-6
906,-22,-12
907,14,-4
908,-22,12
909,14,6
910,14,-14
911,22,-8
912,18,-4
913,6,-10
914,-22,6
915,-6,-2
916,-42,-4
917,14,10
918,2,-12
919,34,6
920,-2,-4
921,46,6
922,34,6
923,6,-6
924,-10,-4
925,38,-10
926,-10,0
927,-14,2
928,-18,-8
929,-18,4
930,-22,-10
931,10,10
932,6,18
933,18,0
934,22,0
935,-14,-28
936,18,-4
937,-18,-10
938,-6,2
939,-10,0
940,38,-2
941,10,14
942,6,14
943,-30,12
944,-42,8
945,-2,-2
946,-26,8
947,-14,8
948,26,-10
949,-2,0
950,14,-6
951,-10,0
952,26,-2
953,-10,-8
954,-2,14
955,-10,16
956,22,-6
957,-30,14
958,-18,-4
959,2,-14
960,-2,20
961,2,-16
962,30,0
963,-6,-8
964,18,-10
965,-14,-8
966,-6,2
967,18,4
968,-6,-12
969,-6,-8
970,-6,-16
971,10,-8
972,-14,-24
973,2,-6
974,26,4
975,-10,-14
976,14,12
977,-34,-16
978,14,4
979,6,16
980,-6,-6
981,2,0
982,10,-12
983,-14,14
984,-6,-18
985,-2,-14
986,-2,14
987,2,-20
988,14,10
989,-14,8
990,-30,-12
991,-14,12
992,18,2
993,-42,-18
994,-6,-8
995,-10,0
996,-2,-12
997,6,4
998,30,-12
999,22,10
