Temperature 1e+26
config,energy,magnetism
0,-426827,162
1,-963246,-14
2,1.15904e+06,52
3,-3.58294e+06,-146
4,-2.33008e+06,94
5,22192,-50
6,2.68284e+06,-78
7,-135789,0
8,-368005,-12
9,2.65546e+06,128
10,-2.19279e+06,-106
11,2.29516e+06,-32
12,-4.88871e+06,-42
13,-1.62222e+06,-274
14,1.08324e+06,-80
15,1.64966e+06,134
16,-1.09718e+06,168
17,819656,-44
18,-4.96897e+06,26
19,-980097,62
20,-468585,-20
21,3.29282e+06,-28
22,1.08687e+06,20
23,-6.37702e+06,80
24,-405171,56
25,31842,-156
26,-993748,-12
27,-1.40924e+06,88
28,1.15577e+06,200
29,-757556,38
30,-2.69789e+06,-40
31,-3.22984e+06,54
32,3.82581e+06,224
33,2.63006e+06,-24
34,1.02338e+06,78
35,-3.36663e+06,26
36,3.11595e+06,-128
37,2.88703e+06,44
38,2.46141e+06,-6
39,1.74364e+06,14
40,1.03475e+06,82
41,-1.03753e+06,-58
42,-817239,-70
43,1.87222e+06,-108
44,2.25412e+06,-34
45,-1.12794e+06,-110
46,155894,-52
47,1.6198e+06,156
48,2.64304e+06,18
49,3.41901e+06,-22
50,1.89354e+06,-126
51,-604277,-16
52,1.5347e+06,-56
53,1.51942e+06,6
54,-488674,156
55,-1.22744e+06,134
56,168285,112
57,3.30665e+06,-164
58,-1.39661e+06,-88
59,-2.63578e+06,92
60,-411734,-68
61,943674,-32
62,-2.78673e+06,10
63,443191,-72
64,3.24209e+06,12
65,-820930,146
66,3.23477e+06,12
67,321835,122
68,-352547,172
69,-297374,94
70,1.55638e+06,-26
71,-1.82337e+06,-168
72,4.13547e+06,144
73,2.0804e+06,120
74,1.39464e+06,32
75,-1.92482e+06,72
76,-909118,28
77,-1.66286e+06,-46
78,-644040,-18
79,-1.11114e+06,-212
80,383793,52
81,724064,-80
82,-724835,-24
83,1.65655e+06,-4
84,3.2375e+06,6
85,-5.26232e+06,-226
86,-1.04379e+06,-44
87,2.5767e+06,158
88,2.29562e+06,-46
89,-3.13665e+06,-54
90,345406,26
91,-1.75714e+06,26
92,-3.46956e+06,-88
93,-630370,58
94,1.24124e+06,-174
95,2.91502e+06,30
96,-570645,-264
97,796745,184
98,1.51411e+06,14
99,1.52672e+06,58
100,2.08174e+06,4
101,-2.56498e+06,-142
102,3.03562e+06,34
103,741829,78
104,-2.59613e+06,-134
105,-4.70886e+06,-130
106,-1.13564e+06,4
107,2.04277e+06,-88
108,2.44229e+06,70
109,-1.68113e+06,-100
110,-48595,-120
111,715039,-70
112,1.77803e+06,-36
113,-268049,-28
114,-1.5825e+06,-134
115,770203,-162
116,-334761,-182
117,-3.17412e+06,88
118,4.65752e+06,314
119,1.39559e+06,84
120,910023,124
121,-3.58162e+06,-26
122,-2.3559e+06,142
123,-2.37398e+06,-86
124,-4.68897e+06,-136
125,663613,-84
126,1.56919e+06,-34
127,-600213,-58
128,-2.65422e+06,128
129,-623641,-94
130,699211,-62
131,-1.24332e+06,-12
132,1.47834e+06,-92
133,1.41293e+06,-20
134,4.19335e+06,80
135,-3.8473e+06,-26
136,-2.55362e+06,38
137,-719623,6
138,5.57284e+06,12
139,-577495,-88
140,1.03796e+06,10
141,2.09022e+06,110
142,2.43216e+06,-14
143,-1.1859e+06,-98
144,-2.15832e+06,112
145,1.00843e+06,-32
146,3.9553e+06,100
147,-552490,96
148,-1.53633e+06,-58
149,-295305,-32
150,4.68313e+06,132
151,-783711,-98
152,-529977,22
153,239532,-240
154,1.6848e+06,70
155,-2.67072e+06,-60
156,-426779,150
157,-17803,158
158,1.39537e+06,122
159,97923,100
160,-330353,-34
161,-2.17885e+06,100
162,-276965,-96
163,-623857,-110
164,5.22582e+06,-14
165,1.11084e+06,52
166,-1.60667e+06,234
167,-1.13907e+06,182
168,170911,-96
169,-44491,120
170,206978,46
171,-225337,-158
172,-2.36931e+06,-124
173,1.40621e+06,176
174,-185021,196
175,1.9625e+06,-76
176,-205396,-102
177,391097,14
178,-396139,-128
179,-2.00184e+06,136
180,-340605,-72
181,-839449,-118
182,1.44046e+06,-138
183,-64557,-44
184,1.032e+06,14
185,2.26578e+06,150
186,3.5042e+06,-56
187,2.15813e+06,-34
188,-1.0509e+06,14
189,-4.14856e+06,-16
190,2.6846e+06,-144
191,-1.48981e+06,110
192,-1.09702e+06,24
193,1.90994e+06,76
194,-1.23522e+06,30
195,-2.97102e+06,-4
196,-131593,-122
197,2.55268e+06,-14
198,2.81402e+06,-104
199,-934621,68
200,-387513,-6
201,1.47718e+06,0
202,2.07584e+06,22
203,2.85603e+06,174
204,93265,-20
205,1.51894e+06,112
206,4.30997e+06,102
207,227667,30
208,38264,-30
209,-672387,-4
210,3.64356e+06,100
211,364415,-120
212,1.9082e+06,-76
213,2.19698e+06,10
214,1.3505e+06,-224
215,-612503,86
216,2.31663e+06,58
217,3.29575e+06,108
218,1.46784e+06,-116
219,-509523,66
220,1.1383e+06,-138
221,-2.2099e+06,92
222,-813567,-8
223,1.1768e+06,36
224,1.7927e+06,-90
225,-896031,260
226,888947,190
227,-406599,-80
228,2.21264e+06,84
229,1.30021e+06,12
230,-50119,52
231,820433,64
232,1.11039e+06,-216
233,-689911,-20
234,1.78412e+06,-160
235,4.2672e+06,84
236,1.58385e+06,-104
237,-635869,-54
238,-763993,-78
239,2.38094e+06,-2
240,1.69997e+06,-28
241,-74809,200
242,-1.5712e+06,-120
243,-828349,94
244,4.16214e+06,118
245,1.1671e+06,120
246,-2.6139e+06,78
247,-1.95574e+06,198
248,-1.45966e+06,82
249,1.40448e+06,100
250,-2.49517e+06,16
251,-484633,-58
252,-201581,72
253,3.61524e+06,-176
254,229959,-198
255,-496489,-210
256,1.67053e+06,58
257,931125,-50
258,-1.14818e+06,-10
259,-794157,-34
260,-357834,40
261,-4.08251e+06,-74
262,-5.24926e+06,-94
263,-3.27352e+06,-78
264,-4.0897e+06,-28
265,2.47985e+06,-156
266,454275,-142
267,-2.3746e+06,82
268,-760281,-66
269,1.21743e+06,16
270,-2.53843e+06,-36
271,1.47202e+06,32
272,-2.58906e+06,42
273,-531969,-80
274,3.4989e+06,-90
275,3.21079e+06,96
276,-935655,-168
277,-1.90417e+06,-74
278,-677201,-18
279,140853,6
280,-35147,-48
281,551527,12
282,-1.98396e+06,94
283,4.14522e+06,-106
284,-5.62742e+06,-94
285,953933,100
286,-1.16093e+06,-20
287,474677,-48
288,2.9042e+06,62
289,4.38839e+06,24
290,1.47108e+06,-24
291,-21971,-262
292,2.6513e+06,126
293,760683,126
294,-314449,22
295,389859,-236
296,1.94818e+06,-48
297,1.52554e+06,-44
298,1.63221e+06,18
299,3.21306e+06,-98
300,2.29725e+06,138
301,-365931,62
302,1.22991e+06,-92
303,452539,-162
304,2.10711e+06,122
305,29561,-4
306,249297,-60
307,-23021,-74
308,-531603,-104
309,2.00883e+06,22
310,2.12522e+06,132
311,-2.23978e+06,-148
312,3.36319e+06,38
313,2.0571e+06,-148
314,1.23166e+06,-4
315,2.77998e+06,280
316,75291,-98
317,2.59292e+06,-68
318,496845,-18
319,-1.40212e+06,138
320,-76135,22
321,-688345,-24
322,1.17566e+06,-42
323,-1.09172e+06,-90
324,-2.62918e+06,-64
325,-4.85738e+06,88
326,-974491,-26
327,1.91941e+06,-26
328,1.90692e+06,-76
329,-1.37788e+06,-32
330,-670231,-124
331,-2.51711e+06,-122
332,1.12336e+06,298
333,-211201,-114
334,-2.1128e+06,50
335,2.38748e+06,-32
336,2.24624e+06,-158
337,161045,-54
338,1.06245e+06,276
339,-1.44262e+06,4
340,-584439,254
341,1.09024e+06,-44
342,1.30935e+06,-58
343,-300373,-88
344,3.29758e+06,38
345,-2.31452e+06,-86
346,733295,94
347,3.09269e+06,30
348,1.35626e+06,46
349,-145581,16
350,2.83508e+06,54
351,1.22395e+06,-74
352,1.15061e+06,-106
353,1.32827e+06,128
354,-1.90726e+06,-210
355,1.84298e+06,-96
356,837245,-136
357,-723743,130
358,1.10775e+06,80
359,-2.31435e+06,-154
360,1.61057e+06,-224
361,-1.55076e+06,140
362,5.01791e+06,-136
363,2.07455e+06,84
364,3.95267e+06,-30
365,472977,-88
366,-2.36629e+06,-98
367,240902,-90
368,-1.00298e+06,-26
369,1.0381e+06,186
370,-2.28701e+06,-44
371,475499,146
372,-1.71431e+06,30
373,-195219,54
374,935046,-10
375,-1.03238e+06,-150
376,1.57826e+06,-138
377,-2.4525e+06,106
378,359319,-16
379,-770459,-58
380,-438063,2
381,2.1085e+06,84
382,-1.04821e+06,-72
383,399801,-64
384,3115,96
385,3.44944e+06,14
386,154753,34
387,-1.30942e+06,92
388,-860824,104
389,-2.61666e+06,-14
390,-371421,-98
391,403967,-60
392,-1.48709e+06,-62
393,2.51091e+06,146
394,637295,102
395,-3.98615e+06,8
396,-289419,-114
397,3.7653e+06,-8
398,580451,-42
399,1.18275e+06,-154
400,685380,56
401,-1.73984e+06,58
402,3.60163e+06,2
403,-161623,-58
404,-168871,-188
405,3.08827e+06,-126
406,-2.13992e+06,-12
407,-1.25733e+06,-74
408,-547353,114
409,-1.86134e+06,160
410,1.31547e+06,-44
411,814313,-176
412,1.78292e+06,38
413,1.5342e+06,-104
414,665909,-54
415,-11983,-84
416,298750,98
417,-1.98862e+06,10
418,645511,36
419,4.78908e+06,120
420,996433,90
421,1.44062e+06,72
422,502099,-32
423,-327991,114
424,2.60354e+06,-2
425,-2.82026e+06,62
426,1.16403e+06,46
427,-270375,18
428,-819623,-46
429,1.58817e+06,84
430,-2.91145e+06,14
431,-832191,-148
432,-1.47542e+06,118
433,1.41317e+06,92
434,1.48568e+06,2
435,-636407,174
436,974711,-20
437,-1.4364e+06,-30
438,-1.07062e+06,98
439,3.06446e+06,-130
440,3.64047e+06,2
441,1.96974e+06,44
442,-716829,26
443,-1.67095e+06,66
444,-1.26154e+06,-118
445,-696499,-86
446,-1.30517e+06,-144
447,1.3438e+06,118
448,1.37777e+06,-6
449,1.6114e+06,-64
450,-3.22159e+06,42
451,-888737,160
452,942704,-16
453,-1.79284e+06,-68
454,-893553,130
455,812061,-66
456,-1.17732e+06,-62
457,171183,-34
458,-102613,20
459,1.74693e+06,2
460,2.45142e+06,76
461,1.61348e+06,262
462,2.07956e+06,36
463,582027,-146
464,1.30853e+06,-212
465,1.49232e+06,54
466,-3.84895e+06,152
467,2.47359e+06,-84
468,2.41154e+06,-62
469,-2.48069e+06,-106
470,2.02185e+06,76
471,-1.83892e+06,-98
472,2.75508e+06,22
473,158479,-140
474,-256627,-52
475,-2.56633e+06,184
476,-1.91215e+06,180
477,-2.26596e+06,154
478,-1.13916e+06,-76
479,-1.40623e+06,128
480,-657797,-184
481,259215,-18
482,-3.17892e+06,82
483,303185,50
484,-1.72166e+06,-102
485,140027,40
486,3.77606e+06,-54
487,-898955,-154
488,-935314,82
489,-54945,52
490,2.12777e+06,-6
491,69259,-56
492,-2.6815e+06,90
493,-80767,-8
494,-3.29828e+06,-82
495,111102,-256
496,-586752,-72
497,-93651,20
498,944367,-80
499,-2.19165e+06,76
500,-1.63141e+06,-106
501,405758,92
502,2.88201e+06,-74
503,-4.7283e+06,174
504,-357033,-178
505,-2.55066e+06,-184
506,-1.36051e+06,-90
507,-4.00795e+06,-78
508,-435603,-122
509,-2.87362e+06,20
510,-2.08164e+06,-38
511,-2.31527e+06,32
512,-1.20895e+06,162
513,125565,-80
514,1.17888e+06,18
515,-2.88113e+06,-104
516,1.64667e+06,-140
517,712388,-224
518,256357,-94
519,-6.36091e+06,-114
520,481635,130
521,2.84622e+06,-186
522,524213,220
523,1.79308e+06,-152
524,-3.6859e+06,-118
525,-1.56406e+06,146
526,2.61925e+06,86
527,-2.86971e+06,-38
528,-8855,306
529,2.98155e+06,202
530,1.88876e+06,12
531,197981,-16
532,-1.68737e+06,-62
533,2.72324e+06,-90
534,-545465,110
535,-1.64792e+06,-44
536,3.38372e+06,-22
537,-1.0589e+06,-78
538,-1.95872e+06,60
539,1.31952e+06,-64
540,-2.13499e+06,-12
541,832393,64
542,-1.78596e+06,94
543,-1.18727e+06,-38
544,-2.51926e+06,-38
545,-263701,-34
546,-1.85829e+06,8
547,2.02765e+06,-204
548,-2.56052e+06,-26
549,2.16345e+06,140
550,773279,-228
551,1.37139e+06,40
552,-924873,116
553,-1.42916e+06,-100
554,2.413e+06,0
555,2.32606e+06,158
556,-2.4222e+06,-176
557,-2.21228e+06,-68
558,-2.4072e+06,-210
559,-311607,-92
560,-825135,22
561,475795,10
562,1.84334e+06,-16
563,193306,10
564,1.87898e+06,46
565,2.93453e+06,34
566,62141,-68
567,85457,-110
568,-1.90424e+06,4
569,-293601,168
570,-71311,78
571,2.23856e+06,-58
572,-809810,36
573,-3.17121e+06,-56
574,-1.43394e+06,-22
575,-5.38867e+06,-116
576,754157,126
577,1.06165e+06,-150
578,1.52438e+06,156
579,-353331,-104
580,-2.5993e+06,-56
581,1.31845e+06,112
582,1.92902e+06,22
583,-27768,66
584,554621,42
585,805847,42
586,85937,24
587,-153065,154
588,-623495,-6
589,2.37913e+06,86
590,2.76439e+06,-6
591,1.03901e+06,-54
592,3.04882e+06,42
593,2.49533e+06,-64
594,1.03984e+06,-60
595,-1.99993e+06,-28
596,-977993,-98
597,2.81059e+06,-90
598,-1.77347e+06,110
599,-629281,88
600,2.34824e+06,42
601,-885625,42
602,1.15979e+06,130
603,150469,-44
604,2.10796e+06,-84
605,872987,-28
606,74491,-238
607,-3.99044e+06,120
608,-3.9376e+06,-22
609,2.29447e+06,104
610,-4.60414e+06,182
611,-2.53183e+06,10
612,-1.03095e+06,134
613,-3.61519e+06,-6
614,-2.28477e+06,-110
615,-5.41876e+06,18
616,-846635,56
617,139475,-60
618,181507,6
619,-602092,-96
620,5.82333e+06,50
621,-1.60902e+06,28
622,-3.83756e+06,60
623,-2.1929e+06,-118
624,2.99032e+06,-8
625,-847311,18
626,3.97744e+06,-42
627,3.8336e+06,-116
628,-759926,64
629,-785206,-56
630,419865,102
631,5.08831e+06,-110
632,-1.98028e+06,-52
633,2.13889e+06,156
634,-287759,106
635,1.46371e+06,10
636,-86157,-136
637,-579473,-104
638,185227,76
639,-701951,128
640,-5.98061e+06,74
641,-2.16903e+06,-100
642,-3.15663e+06,-228
643,2.87247e+06,-120
644,-1.56314e+06,66
645,1.35354e+06,194
646,-2.12122e+06,-208
647,635333,-72
648,-396243,-34
649,-1.4756e+06,6
650,-1.23257e+06,88
651,2.63609e+06,-16
652,-3.36462e+06,34
653,-338997,-50
654,-855419,-38
655,-741405,140
656,-1.60329e+06,-108
657,-2.38953e+06,18
658,-657191,186
659,833027,6
660,2.7878e+06,18
661,3.89869e+06,-54
662,6671,-90
663,359319,-58
664,1.80838e+06,-66
665,-370485,-74
666,-822863,8
667,136921,122
668,-1.33002e+06,-224
669,2.82032e+06,-68
670,-3.64652e+06,84
671,462175,118
672,-453569,76
673,-608399,194
674,649917,34
675,5.76501e+06,52
676,-3.65553e+06,-118
677,-216831,150
678,1.40018e+06,64
679,1.57932e+06,-174
680,2.44335e+06,-140
681,-2.37606e+06,50
682,760685,-74
683,1.60983e+06,-12
684,-3.77366e+06,248
685,1.3705e+06,20
686,829343,88
687,-1.60602e+06,-42
688,-1.32931e+06,38
689,-1.10668e+06,84
690,-1.02205e+06,-74
691,-2.57328e+06,-16
692,92811,142
693,4.79734e+06,218
694,-686231,-26
695,3.02494e+06,-162
696,1.90869e+06,10
697,3.07821e+06,40
698,310418,12
699,1.09594e+06,-162
700,-1.1086e+06,22
701,-896263,-2
702,839927,-94
703,-733342,78
704,18579,-40
705,358317,38
706,-1.64829e+06,-40
707,1.52914e+06,84
708,2.46537e+06,-106
709,4.45502e+06,4
710,-2.58718e+06,40
711,-1.29514e+06,-110
712,1.92815e+06,-72
713,3.51349e+06,-100
714,1.12669e+06,166
715,-2.52796e+06,-24
716,-1.70441e+06,-66
717,1.84023e+06,-54
718,-321755,92
719,-319701,80
720,-633283,-182
721,-2.66869e+06,2
722,2.17022e+06,162
723,-176578,76
724,661588,-100
725,-2.08412e+06,-12
726,-460604,-106
727,-1.70985e+06,134
728,885939,-18
729,-1.02364e+06,186
730,4.52434e+06,-84
731,3.24634e+06,134
732,-2.07789e+06,-72
733,1.49255e+06,-52
734,38509,194
735,-1.53996e+06,28
736,-403409,58
737,2.40632e+06,-54
738,-2.11465e+06,142
739,-2.53537e+06,-16
740,-426918,288
741,-2.76422e+06,84
742,3.44907e+06,-8
743,2.43293e+06,-114
744,645305,96
745,2.49108e+06,76
746,-829697,56
747,574625,72
748,933093,-6
749,1.90648e+06,-82
750,1.08249e+06,-44
751,-3.98542e+06,-10
752,-3.90531e+06,-104
753,235295,-44
754,679495,-28
755,1.87021e+06,-132
756,3.17059e+06,-88
757,-1.29406e+06,-66
758,4.81986e+06,-210
759,1.90749e+06,112
760,-2.6413e+06,142
761,358817,-190
762,3.95158e+06,-94
763,234987,-142
764,-3.18234e+06,54
765,-1.98411e+06,-2
766,667535,20
767,-2.39806e+06,-90
768,-3.18146e+06,48
769,-4.18592e+06,86
770,760143,90
771,1.61388e+06,50
772,1.58296e+06,106
773,917635,138
774,39413,4
775,1.90437e+06,22
776,-1.31997e+06,-62
777,-459709,2
778,2.18009e+06,38
779,795659,-30
780,-10881,40
781,3.98282e+06,-76
782,2.15493e+06,140
783,-823955,52
784,1.71026e+06,92
785,-21819,-52
786,831261,-6
787,-255849,214
788,-1.28618e+06,-164
789,4.05504e+06,46
790,1.26572e+06,-28
791,-619961,-120
792,3.79892e+06,14
793,434399,-22
794,-255370,26
795,457821,-210
796,253486,244
797,-2.58984e+06,14
798,187273,-28
799,-353957,-172
800,2.28277e+06,-12
801,-534799,-34
802,3.22335e+06,78
803,-4.95799e+06,156
804,3.18785e+06,-84
805,3.0445e+06,-30
806,2.43918e+06,148
807,205915,62
808,626943,156
809,900369,14
810,-4.53116e+06,22
811,-217737,-34
812,300541,-70
813,1.13074e+06,158
814,-5.39591e+06,-58
815,1.46409e+06,46
816,-1.65895e+06,-56
817,-4.48428e+06,44
818,1.13672e+06,-8
819,-3.57356e+06,38
820,-1.39035e+06,64
821,-1.45866e+06,-242
822,-819771,-46
823,-2.31624e+06,6
824,-1.44668e+06,-78
825,-2.52594e+06,6
826,1.89807e+06,38
827,1.2194e+06,-74
828,-466735,4
829,289593,-106
830,-136755,22
831,-1.29099e+06,164
832,2.21148e+06,-16
833,-4.10466e+06,-84
834,1.10806e+06,-74
835,-769369,44
836,-4.16542e+06,-84
837,2.00075e+06,-64
838,2.5277e+06,-88
839,-775425,-244
840,2.11522e+06,-102
841,489680,104
842,-634899,-122
843,1.08928e+06,64
844,-1.02414e+06,-128
845,1.97824e+06,52
846,-2.11638e+06,84
847,699323,16
848,1.6062e+06,154
849,392541,212
850,-252011,-126
851,-157717,-56
852,899034,-136
853,2.7874e+06,-62
854,128143,-96
855,-698317,-108
856,1.47732e+06,8
857,2.70048e+06,26
858,-1.96042e+06,-100
859,-5.64418e+06,-72
860,758793,-16
861,-4.01838e+06,70
862,-555537,-72
863,16903,-178
864,-508083,-70
865,-2.06028e+06,-246
866,2.78281e+06,-132
867,700712,170
868,1.83002e+06,300
869,536855,-104
870,3.42316e+06,-4
871,420679,-38
872,532393,-34
873,2.82614e+06,-4
874,-2.6391e+06,72
875,-1.42443e+06,102
876,2.96568e+06,-80
877,394159,8
878,-1.27558e+06,166
879,989891,-44
880,186072,192
881,-3.427e+06,146
882,-2.88438e+06,104
883,3.24604e+06,-214
884,433461,-64
885,-923136,96
886,3.02429e+06,8
887,-536341,16
888,-4.43948e+06,156
889,-1.55666e+06,-130
890,3.02383e+06,94
891,137065,-188
892,-389363,-60
893,400004,-90
894,3.24729e+06,-60
895,1.93742e+06,226
896,4.38593e+06,-18
897,2.41647e+06,74
898,-1.67253e+06,234
899,84245,32
900,417747,6
901,-935211,268
902,1.02431e+06,-6
903,-855785,-34
904,-966859,-34
905,-227835,-8
906,61721,58
907,1.25487e+06,-46
908,299753,54
909,3.72378e+06,32
910,-4.30169e+06,42
911,3.46663e+06,-26
912,5.38268e+06,-90
913,1.5092e+06,60
914,-5.68793e+06,-96
915,-1.46899e+06,18
916,-513887,-180
917,376701,20
918,-2.21735e+06,78
919,-2.18211e+06,114
920,-854917,22
921,-2.85115e+06,42
922,2.26277e+06,-166
923,2.3263e+06,-42
924,127555,152
925,-3.09664e+06,148
926,-1.98907e+06,22
927,1.30954e+06,-14
928,-892465,-136
929,-1.77182e+06,40
930,2.36728e+06,-32
931,8997,-50
932,3.57974e+06,-112
933,-2.80345e+06,28
934,2.21152e+06,-72
935,-60987,106
936,661411,-78
937,412887,82
938,3.18866e+06,196
939,2.53482e+06,-58
940,5.64091e+06,-14
941,-561924,-56
942,2.14596e+06,-118
943,-2.7e+06,-26
944,1.65118e+06,-100
945,1.519e+06,192
946,1.4332e+06,142
947,2.76696e+06,-26
948,4.33766e+06,-130
949,1.45028e+06,-38
950,1.04385e+06,-10
951,-641055,4
952,306863,66
953,-1.12765e+06,-84
954,746629,-38
955,1.78666e+06,-174
956,1.57116e+06,116
957,1.3527e+06,-40
958,4.06939e+06,46
959,-851245,-68
960,-1.96416e+06,24
961,-2.38008e+06,64
962,-2.2705e+06,-76
963,2.03832e+06,70
964,4.33591e+06,198
965,2.38106e+06,162
966,50333,-92
967,-2.12618e+06,98
968,1.20872e+06,34
969,15695,-32
970,-2.27869e+06,50
971,3.50106e+06,-6
972,-332165,-52
973,-56131,4
974,1.2114e+06,38
975,-1.73393e+06,-10
976,-970077,-58
977,1.4076e+06,-144
978,-1.31707e+06,128
979,-2.34697e+06,34
980,2.66279e+06,-102
981,-1.96854e+06,230
982,-1.02552e+06,4
983,-61591,-204
984,-149664,138
985,2.09389e+06,106
986,-534031,14
987,-3.64326e+06,108
988,419453,60
989,-3.40629e+06,22
990,3.64827e+06,-118
991,2.68636e+06,4
992,93139,-152
993,-3.5358e+06,10
994,-2.23282e+06,-48
995,5.75206e+06,30
996,-2.09566e+06,22
997,3.39906e+06,-158
998,-2.78212e+06,-108
999,702193,130
