Temperature 1e+25
config,energy,magnetism
0,-22,0
1,10,12
2,2,-2
3,30,2
4,38,0
5,-6,6
6,10,8
7,-6,14
8,-18,-6
9,14,-10
10,30,6
11,6,6
12,6,-2
13,18,-12
14,-22,-4
15,-2,-18
16,-30,-12
17,-50,2
18,22,2
19,6,-14
20,-10,-8
21,42,6
22,-6,-8
23,-10,-10
24,18,8
25,26,8
26,-14,6
27,-18,-10
28,2,-8
29,-10,-20
30,-26,-2
31,34,2
32,-14,16
33,26,-12
34,-26,-4
35,26,-6
36,-30,6
37,-6,-12
38,2,10
39,2,-2
40,-14,-4
41,10,6
42,26,-20
43,2,-16
44,-26,10
45,-22,0
46,2,4
47,-22,12
48,-22,-2
49,-26,12
50,-42,6
51,18,24
52,-10,-2
53,-6,2
54,10,-10
55,-10,-4
56,-6,4
57,10,4
58,26,-10
59,-2,16
60,34,-4
61,2,14
62,34,-10
63,22,0
64,-34,4
65,38,-10
66,2,-8
67,-10,0
68,-42,12
69,26,4
70,18,-4
71,42,-12
72,-2,-6
73,-46,0
74,-10,-22
75,6,-4
76,-2,-10
77,2,2
78,-6,16
79,14,0
80,22,-2
81,-30,-2
82,2,-4
83,-26,4
84,-62,0
85,-14,12
86,10,2
87,-6,-6
88,-30,12
89,-10,10
90,10,0
91,-26,-6
92,-6,-12
93,42,-2
94,-18,-4
95,2,18
96,10,0
97,-2,-4
98,-14,-20
99,18,6
100,-6,-12
101,34,6
102,-18,8
103,-2,-4
104,-6,18
105,18,-12
106,-2,-6
107,22,-12
108,26,-2
109,14,-10
110,6,6
111,-18,-2
112,-18,-14
113,-26,4
114,-42,-10
115,14,0
116,-10,-10
117,18,6
118,22,2
119,-6,-16
120,2,4
121,-22,26
122,10,2
123,-2,0
124,-30,-4
125,46,2
126,-10,-2
127,14,-2
128,-2,10
129,-26,-4
130,6,-18
131,-10,-10
132,-6,-8
133,-14,6
134,-6,4
135,6,-2
136,30,-8
137,2,-2
138,-10,6
139,10,-8
140,18,-10
141,14,-10
142,2,-2
143,10,6
144,10,6
145,2,0
146,26,6
147,-14,-10
148,10,-6
149,2,-2
150,-10,-2
151,14,6
152,-22,-24
153,30,4
154,2,10
155,-2,10
156,6,-10
157,18,10
158,10,-12
159,6,8
160,2,-2
161,-6,18
162,-10,8
163,2,2
164,-2,-2
165,-18,10
166,-2,-4
167,-2,-4
168,26,4
169,14,0
170,18,2
171,2,-4
172,-6,8
173,2,0
174,10,6
175,-26,-4
176,-2,6
177,-18,0
178,-22,-6
179,26,6
180,-6,0
181,18,-2
182,-22,-6
183,2,6
184,2,-10
185,18,4
186,2,10
187,-30,10
188,2,2
189,-6,-12
190,6,2
191,38,14
192,10,8
193,-14,-6
194,-18,-8
195,-50,10
196,-18,-4
197,38,-6
198,38,-18
199,6,12
200,-10,-28
201,-6,2
202,-22,-4
203,2,14
204,2,-16
205,30,-8
206,30,6
207,-42,-20
208,22,0
209,14,4
210,-2,0
211,14,-10
212,-10,4
213,-18,8
214,-38,-10
215,14,-10
216,-2,4
217,46,-4
218,-30,6
219,34,4
220,-30,-24
221,22,2
222,-18,-2
223,-14,12
224,2,12
225,-6,0
226,38,20
227,-22,2
228,-26,22
229,38,-10
230,14,4
231,2,0
232,-26,-18
233,6,8
234,54,-8
235,-6,-6
236,10,-8
237,46,-16
238,14,-4
239,14,-2
240,30,6
241,18,-14
242,-10,-6
243,10,0
244,2,-6
245,2,-4
246,14,4
247,-6,6
248,10,6
249,-22,2
250,30,-18
251,14,4
252,-18,-14
253,-10,-2
254,18,-6
255,-2,0
256,-2,-4
257,-6,12
258,-14,12
259,-2,-12
260,2,4
261,-18,18
262,14,14
263,38,2
264,18,4
265,30,0
266,-22,12
267,54,-2
268,-6,24
269,-6,-10
270,-10,4
271,-6,14
272,-14,8
273,18,-6
274,10,2
275,-2,-6
276,30,-10
277,-14,-10
278,14,8
279,10,-4
280,-34,-20
281,-10,14
282,2,26
283,-46,6
284,2,-12
285,6,4
286,10,22
287,-14,2
288,-2,-16
289,18,8
290,10,14
291,6,4
292,-26,-2
293,26,-4
294,-18,-6
295,2,-4
296,10,4
297,38,0
298,-38,-4
299,6,-4
300,-26,2
301,-14,6
302,-22,-8
303,10,6
304,-2,2
305,22,0
306,22,20
307,-22,-24
308,-42,0
309,22,4
310,-10,14
311,-2,-4
312,-14,16
313,2,10
314,18,0
315,14,-18
316,-30,-12
317,-6,10
318,-2,0
319,2,4
320,-6,0
321,30,8
322,18,14
323,22,4
324,10,10
325,18,8
326,-30,2
327,18,-14
328,6,-4
329,6,2
330,-14,18
331,30,8
332,-14,20
333,-10,6
334,-22,-2
335,-2,2
336,10,2
337,-10,0
338,6,0
339,42,0
340,-6,2
341,-10,0
342,22,-6
343,-6,2
344,14,2
345,22,-6
346,-6,0
347,-14,0
348,-10,16
349,14,10
350,22,-4
351,10,10
352,-14,-16
353,-10,4
354,26,6
355,-6,-12
356,6,2
357,-18,8
358,-34,-20
359,-6,4
360,6,10
361,14,6
362,10,6
363,6,2
364,14,-20
365,-14,-2
366,30,14
367,14,8
368,-38,2
369,50,8
370,10,-4
371,2,-2
372,-18,8
373,-26,16
374,-2,6
375,-6,-2
376,2,2
377,30,10
378,-30,-4
379,2,-12
380,22,12
381,34,8
382,6,-4
383,10,6
384,2,14
385,-14,16
386,14,-16
387,6,-8
388,-2,-6
389,-6,-20
390,22,6
391,6,14
392,-34,-6
393,30,-4
394,34,-6
395,2,-4
396,-6,-16
397,-10,4
398,-10,14
399,2,-16
400,14,-6
401,-30,-8
402,26,-14
403,-14,14
404,18,-8
405,-38,14
406,-26,10
407,-18,-10
408,6,6
409,6,10
410,-42,18
411,6,8
412,2,-6
413,18,12
414,30,-14
415,2,-6
416,-14,-4
417,34,4
418,46,2
419,6,-8
420,6,-6
421,30,4
422,2,4
423,-26,0
424,2,-2
425,6,-6
426,-10,12
427,22,-16
428,22,14
429,26,4
430,-6,0
431,-14,16
432,-18,20
433,-14,-2
434,-14,-16
435,-6,14
436,-14,16
437,-14,6
438,-10,10
439,26,-8
440,34,-10
441,2,6
442,6,2
443,14,12
444,18,-8
445,-10,0
446,-34,10
447,18,8
448,10,0
449,-10,0
450,6,-4
451,14,-4
452,-22,6
453,-14,-8
454,38,4
455,6,6
456,-2,14
457,-2,6
458,-2,-10
459,10,-12
460,-38,8
461,-6,12
462,22,-2
463,-34,-14
464,10,6
465,14,-6
466,2,14
467,-26,-20
468,46,8
469,-18,-2
470,-30,-14
471,58,-4
472,26,8
473,-2,-6
474,-2,4
475,6,2
476,-2,-4
477,10,-6
478,-2,20
479,2,8
480,-70,12
481,6,0
482,-6,8
483,2,-14
484,-14,0
485,6,8
486,-10,0
487,10,-14
488,2,14
489,-2,-32
490,-26,-2
491,26,2
492,26,2
493,2,-2
494,-22,2
495,-46,-8
496,-2,6
497,10,-2
498,6,-2
499,6,-8
500,-14,16
501,-2,-8
502,-2,-6
503,18,-2
504,6,6
505,-18,2
506,10,12
507,38,6
508,-6,4
509,2,0
510,10,-12
511,-2,-4
512,18,8
513,38,-8
514,-10,4
515,-6,-16
516,10,-4
517,-2,4
518,14,8
519,-30,-4
520,26,10
521,22,10
522,-18,4
523,26,-16
524,18,-4
525,-26,-2
526,30,-4
527,6,-10
528,2,-18
529,22,16
530,2,-6
531,18,8
532,-26,-6
533,-14,-18
534,-38,-8
535,6,8
536,-10,-2
537,6,-2
538,2,-8
539,-26,-6
540,-2,-12
541,6,-2
542,-14,-2
543,26,-8
544,-30,0
545,-26,2
546,2,16
547,22,8
548,22,8
549,26,-10
550,30,-6
551,-22,-8
552,14,-12
553,14,6
554,14,-8
555,-30,2
556,-6,0
557,-2,-8
558,26,2
559,2,-10
560,-22,-12
561,10,-12
562,6,-4
563,-10,-26
564,50,-10
565,-14,-4
566,-10,4
567,46,0
568,6,14
569,-2,-6
570,-26,6
571,-14,12
572,-18,-14
573,30,-4
574,-26,10
575,-6,10
576,6,-14
577,-26,0
578,10,-6
579,14,-4
580,14,-10
581,18,-8
582,-14,8
583,-2,0
584,-26,2
585,22,2
586,6,-8
587,14,6
588,-22,-8
589,6,-10
590,-2,18
591,18,-10
592,10,8
593,-14,10
594,38,-6
595,-14,2
596,14,18
597,-6,-8
598,18,-10
599,26,-24
600,-30,-2
601,14,-4
602,22,10
603,14,2
604,-26,-24
605,-6,14
606,-2,18
607,-22,-10
608,-26,-2
609,-38,-18
610,22,16
611,6,2
612,-6,2
613,-26,-16
614,22,-8
615,-6,-8
616,10,2
617,22,6
618,-22,-18
619,-30,0
620,-6,0
621,-14,-14
622,10,4
623,-14,14
624,26,-12
625,-18,-6
626,2,-12
627,14,-2
628,-14,0
629,14,4
630,-10,-2
631,-18,10
632,-18,8
633,2,6
634,-2,0
635,-2,14
636,38,0
637,26,-8
638,-6,2
639,6,8
640,-22,-10
641,10,8
642,2,8
643,-18,4
644,6,-2
645,-6,-12
646,-6,-2
647,-10,-10
648,-10,12
649,-14,0
650,-38,-16
651,-30,8
652,22,-8
653,-14,-2
654,-22,0
655,-6,6
656,14,-16
657,14,0
658,-38,4
659,-34,-10
660,-18,-4
661,18,-20
662,2,0
663,-6,4
664,-6,0
665,38,6
666,-22,30
667,-10,16
668,26,12
669,10,2
670,2,16
671,14,12
672,-14,-6
673,2,-6
674,-6,-4
675,14,2
676,26,2
677,-14,24
678,30,0
679,26,16
680,-18,-16
681,2,2
682,42,-2
683,2,-16
684,2,-4
685,-14,-14
686,-18,18
687,-2,8
688,-30,10
689,-18,0
690,-22,8
691,10,4
692,-2,14
693,14,-8
694,14,-2
695,6,-6
696,-10,-6
697,-10,-4
698,2,-6
699,-6,-8
700,2,2
701,-2,-2
702,-34,24
703,-2,2
704,22,-10
705,-30,18
706,-18,20
707,14,0
708,30,16
709,-14,6
710,-2,-12
711,34,-12
712,10,4
713,34,-2
714,-22,6
715,58,10
716,46,0
717,2,24
718,-30,-4
719,22,-8
720,10,12
721,18,-4
722,2,-4
723,18,-6
724,-22,-4
725,-22,6
726,-14,-10
727,2,-10
728,2,0
729,-18,0
730,6,2
731,-2,14
732,-26,10
733,30,-14
734,2,-2
735,30,8
736,-2,-16
737,-26,-6
738,6,16
739,-2,12
740,14,6
741,26,-8
742,-18,-4
743,34,-8
744,-38,-24
745,-30,-2
746,-14,4
747,18,-10
748,26,-2
749,-34,20
750,10,12
751,-42,-16
752,6,-10
753,-42,-2
754,-6,-6
755,-18,8
756,2,-2
757,50,0
758,2,2
759,-6,10
760,30,4
761,10,8
762,6,-2
763,-22,-2
764,2,0
765,-6,-6
766,-2,10
767,-26,6
768,46,-4
769,-6,-6
770,-14,-10
771,2,2
772,30,-6
773,2,2
774,-6,-6
775,-18,2
776,-18,-2
777,10,2
778,18,-4
779,-10,6
780,-6,16
781,30,-4
782,-18,0
783,-6,-12
784,-30,22
785,22,-6
786,30,4
787,14,8
788,14,-2
789,6,14
790,-30,26
791,-14,-6
792,-10,4
793,2,-2
794,-10,-20
795,6,6
796,2,20
797,30,-2
798,-10,0
799,18,-2
800,6,32
801,18,-4
802,10,-10
803,14,-22
804,-30,-6
805,-26,-22
806,-30,8
807,-18,-12
808,42,-2
809,22,2
810,6,4
811,-18,0
812,14,-4
813,-14,26
814,22,4
815,10,8
816,2,2
817,30,2
818,-10,0
819,-2,14
820,-34,16
821,-18,20
822,18,0
823,14,-8
824,-10,-2
825,50,-20
826,6,-8
827,14,-4
828,14,10
829,-18,-12
830,-14,-12
831,-14,2
832,26,2
833,-30,0
834,-14,16
835,34,-2
836,14,12
837,-14,12
838,-18,14
839,-22,12
840,6,12
841,30,8
842,50,8
843,18,2
844,-14,0
845,-2,14
846,-30,10
847,10,-10
848,22,-10
849,-6,-4
850,22,12
851,10,12
852,26,-8
853,-6,-6
854,6,-2
855,10,-8
856,-14,18
857,2,12
858,-26,28
859,-2,6
860,2,6
861,-18,6
862,18,6
863,-26,-12
864,-18,8
865,46,-6
866,2,-12
867,-2,12
868,-50,-16
869,26,4
870,-6,10
871,2,-10
872,14,-8
873,18,-12
874,18,-6
875,-38,-12
876,22,-2
877,-6,14
878,-10,8
879,2,-18
880,14,-8
881,-2,-12
882,14,14
883,-34,12
884,-2,-6
885,10,6
886,22,10
887,-10,10
888,14,-10
889,-14,-6
890,-2,6
891,-30,-10
892,-6,-12
893,18,2
894,22,0
895,-30,-4
896,34,-16
897,-6,10
898,-6,-14
899,-14,14
900,26,10
901,2,0
902,-14,-28
903,-14,0
904,-22,8
905,2,-6
906,2,0
907,2,-2
908,2,8
909,6,8
910,30,2
911,6,2
912,-6,10
913,10,-4
914,-14,0
915,-22,-2
916,-26,-2
917,22,4
918,6,4
919,38,4
920,-2,-20
921,-18,-4
922,18,8
923,-18,-4
924,-26,-6
925,46,-8
926,-26,14
927,-14,-6
928,-26,-4
929,-26,12
930,26,-6
931,10,14
932,-6,20
933,30,-2
934,14,10
935,-6,-22
936,10,2
937,-10,-8
938,-6,6
939,-2,-6
940,6,-2
941,-14,14
942,-22,20
943,-30,-4
944,-14,28
945,-10,-2
946,-26,2
947,-38,6
948,26,-18
949,22,-8
950,2,-2
951,-2,-4
952,18,8
953,6,-2
954,6,4
955,-18,16
956,38,-4
957,18,0
958,-42,-18
959,-22,-18
960,2,18
961,10,-10
962,18,-6
963,2,-6
964,18,-10
965,10,2
966,-6,8
967,30,-2
968,2,-6
969,-14,-4
970,-18,-6
971,2,-14
972,-6,-20
973,38,-12
974,2,0
975,2,-18
976,34,12
977,-10,0
978,6,6
979,6,20
980,6,8
981,-10,-2
982,26,-12
983,2,6
984,2,-10
985,14,-8
986,22,-2
987,10,-14
988,-10,4
989,-6,6
990,-14,-26
991,18,14
992,10,4
993,-18,-16
994,-30,-16
995,2,-2
996,-18,-10
997,-6,12
998,22,-12
999,30,8
