Temperature 1e+27
config,energy,magnetism
0,-22,-8
1,10,10
2,-22,-2
3,-34,10
4,6,6
5,2,10
6,34,0
7,-6,10
8,-26,-12
9,14,-10
10,22,12
11,-14,10
12,-10,0
13,-30,-8
14,-6,-20
15,6,-14
16,-18,-8
17,-26,4
18,-10,4
19,-18,2
20,6,-4
21,26,4
22,2,-2
23,-6,0
24,26,12
25,10,18
26,2,2
27,30,-4
28,-14,8
29,-10,-20
30,-22,4
31,42,-8
32,-6,14
33,18,-4
34,-26,2
35,6,10
36,-6,4
37,10,-6
38,-14,14
39,10,-4
40,-14,0
41,26,0
42,34,-20
43,-2,-10
44,-10,12
45,-34,-6
46,2,0
47,-30,12
48,-6,0
49,-34,14
50,-26,0
51,30,16
52,-2,6
53,2,8
54,2,-6
55,-10,4
56,-10,8
57,10,10
58,10,-10
59,6,6
60,26,2
61,10,14
62,-22,-10
63,30,4
64,-42,-12
65,50,0
66,18,-10
67,-34,-4
68,-10,8
69,2,0
70,22,4
71,10,-6
72,-26,-2
73,-38,-2
74,30,-12
75,30,-2
76,-18,0
77,22,4
78,14,8
79,-30,6
80,-10,-16
81,-38,0
82,2,-8
83,-10,-6
84,-46,-2
85,-22,16
86,-6,-4
87,6,-6
88,-14,16
89,6,4
90,14,10
91,-26,-4
92,-6,10
93,30,-2
94,-2,10
95,18,14
96,-10,2
97,-14,-6
98,10,-14
99,26,-2
100,-22,-10
101,18,12
102,6,10
103,6,-2
104,-22,24
105,10,-10
106,14,0
107,14,-12
108,34,0
109,-10,12
110,38,6
111,-2,-2
112,-18,-6
113,6,6
114,-30,-4
115,-34,2
116,-10,-10
117,14,8
118,34,4
119,10,-14
120,2,-10
121,-38,26
122,50,0
123,-2,-8
124,-38,-6
125,30,-10
126,-6,-2
127,14,4
128,6,18
129,-10,-10
130,-26,-24
131,38,2
132,-22,-10
133,-6,10
134,2,0
135,14,-8
136,54,6
137,2,-14
138,-2,2
139,10,-8
140,18,-4
141,6,-18
142,6,-2
143,18,-4
144,-6,16
145,-6,-4
146,26,12
147,-26,-8
148,-6,-2
149,-18,0
150,6,-2
151,-26,18
152,-14,-28
153,30,0
154,10,12
155,14,6
156,10,0
157,2,6
158,10,-6
159,30,6
160,-6,-4
161,-6,4
162,-30,16
163,26,6
164,-18,-10
165,-22,10
166,46,6
167,-2,-10
168,14,-4
169,10,-8
170,6,-2
171,6,-4
172,-14,6
173,-14,0
174,-10,10
175,-2,-10
176,-2,4
177,-18,-4
178,-30,-4
179,42,12
180,-14,2
181,2,6
182,-34,-12
183,10,2
184,10,-2
185,34,4
186,2,12
187,-30,6
188,2,10
189,-6,-6
190,6,6
191,-26,22
192,18,6
193,-14,-4
194,-34,-6
195,-26,0
196,-2,2
197,14,2
198,38,-6
199,-26,8
200,-26,-18
201,-14,-2
202,-2,-4
203,-18,4
204,-14,-22
205,-14,-16
206,30,0
207,-42,-8
208,10,-2
209,2,2
210,-2,2
211,22,-2
212,-14,8
213,-18,0
214,-34,-10
215,54,-4
216,6,4
217,34,0
218,-30,6
219,18,2
220,-30,-16
221,22,4
222,-10,-14
223,-6,14
224,2,8
225,-6,-8
226,30,12
227,2,2
228,-6,16
229,34,-8
230,-26,-2
231,34,-4
232,-10,-10
233,-6,22
234,6,-12
235,-14,-8
236,2,-16
237,30,-6
238,-2,-16
239,26,-4
240,22,16
241,18,-8
242,-10,-2
243,26,12
244,2,-14
245,26,6
246,22,-2
247,2,0
248,14,-8
249,-2,-2
250,30,-6
251,22,0
252,-10,-10
253,6,-22
254,10,-10
255,22,6
256,6,-2
257,26,10
258,-30,4
259,30,2
260,18,-2
261,-10,8
262,-2,20
263,-2,-2
264,-14,8
265,30,8
266,-6,8
267,54,4
268,-14,16
269,-30,-12
270,-26,6
271,-22,20
272,-6,0
273,26,-2
274,10,-10
275,-26,-4
276,-2,-8
277,-22,-6
278,14,10
279,18,-8
280,-10,-18
281,-34,8
282,2,24
283,-62,8
284,10,-10
285,-10,6
286,22,20
287,-22,-2
288,46,-6
289,2,8
290,18,14
291,6,8
292,-10,16
293,38,-14
294,-26,-6
295,14,10
296,18,2
297,22,-6
298,2,-6
299,22,-4
300,-18,2
301,2,6
302,-6,-16
303,26,4
304,14,-2
305,22,-4
306,26,22
307,26,-12
308,-42,10
309,-14,4
310,10,10
311,-10,-14
312,10,12
313,-14,8
314,10,4
315,6,-10
316,-38,-8
317,-30,22
318,14,2
319,2,0
320,-2,-2
321,14,12
322,18,14
323,-2,0
324,26,8
325,42,2
326,10,-2
327,10,-4
328,22,-2
329,14,-2
330,-10,6
331,22,10
332,-6,4
333,-14,10
334,-26,-8
335,14,-6
336,10,4
337,14,6
338,-2,-2
339,22,20
340,-30,-4
341,-2,8
342,10,-12
343,-22,-2
344,-10,-6
345,-6,-4
346,-2,6
347,-22,-2
348,-26,0
349,10,14
350,-2,-6
351,26,14
352,-26,-22
353,-2,0
354,42,8
355,18,-14
356,-18,2
357,-26,-2
358,-34,-14
359,-14,-2
360,6,-2
361,-6,6
362,10,16
363,-6,12
364,14,-24
365,-14,-14
366,14,18
367,-2,0
368,-46,-6
369,42,6
370,10,-12
371,18,4
372,-18,6
373,-26,16
374,10,2
375,2,10
376,26,-4
377,22,0
378,-50,-10
379,-22,-12
380,26,12
381,22,-6
382,6,-6
383,-6,-4
384,2,-6
385,-14,0
386,2,-8
387,-6,-16
388,6,2
389,-30,-12
390,22,14
391,26,0
392,-34,-12
393,30,-2
394,26,-2
395,-6,0
396,-6,-16
397,-6,8
398,6,10
399,2,-8
400,14,-8
401,-14,-10
402,-10,-20
403,-2,8
404,14,-12
405,-14,4
406,-10,6
407,22,-2
408,-2,2
409,14,0
410,-18,6
411,-2,0
412,18,-12
413,34,8
414,-2,-12
415,-10,-8
416,-38,4
417,-6,8
418,22,0
419,-18,2
420,6,4
421,30,4
422,-22,8
423,-10,2
424,-2,-6
425,6,-2
426,-2,4
427,42,-4
428,18,16
429,-14,8
430,42,-10
431,-6,12
432,-34,26
433,22,0
434,-14,-14
435,2,14
436,2,10
437,-14,4
438,-2,10
439,42,-4
440,10,-2
441,2,12
442,42,2
443,6,8
444,10,-8
445,6,6
446,-2,12
447,10,2
448,22,-4
449,34,-4
450,26,-6
451,6,10
452,-2,16
453,2,-8
454,14,2
455,-26,2
456,-10,16
457,6,10
458,-18,-2
459,-6,6
460,-26,-6
461,-2,12
462,18,-10
463,-10,-18
464,26,-10
465,18,-4
466,-14,16
467,10,-12
468,26,-6
469,-34,-10
470,-26,-20
471,18,-4
472,10,4
473,14,-2
474,2,6
475,-18,0
476,14,8
477,10,-10
478,-2,14
479,-14,0
480,-70,12
481,-2,-4
482,-14,6
483,-6,-8
484,6,-6
485,-18,14
486,-14,2
487,18,-8
488,6,0
489,-18,-20
490,-18,10
491,-14,0
492,18,6
493,10,-10
494,-30,6
495,-38,-18
496,-26,0
497,-22,0
498,-18,4
499,22,-6
500,-14,28
501,18,-10
502,-10,-4
503,18,4
504,-10,-6
505,-2,-4
506,26,20
507,50,6
508,2,0
509,6,-2
510,6,-10
511,10,6
512,2,2
513,10,-4
514,-18,4
515,6,-12
516,10,2
517,-2,-8
518,6,8
519,-30,-10
520,2,10
521,46,14
522,-34,0
523,10,-12
524,18,0
525,-18,2
526,18,-6
527,-2,-4
528,2,-16
529,10,10
530,-46,-18
531,34,8
532,-10,-12
533,-14,-22
534,-22,-14
535,-6,10
536,-34,6
537,30,-6
538,10,-8
539,-2,8
540,10,-14
541,6,0
542,26,14
543,-6,-8
544,-38,2
545,-18,6
546,10,14
547,18,14
548,22,14
549,26,-2
550,14,-2
551,-6,-12
552,22,-10
553,-10,-2
554,2,-4
555,2,-4
556,2,-12
557,2,-4
558,-6,8
559,14,-10
560,-46,-12
561,2,-6
562,-10,2
563,-18,-20
564,30,-4
565,-22,2
566,-2,8
567,26,-8
568,10,10
569,-18,-6
570,-10,12
571,10,0
572,-10,-12
573,30,-8
574,-10,6
575,26,4
576,2,-10
577,-34,-2
578,26,2
579,22,-4
580,-6,-2
581,26,4
582,-18,8
583,14,-2
584,-18,-2
585,-2,8
586,14,-8
587,6,6
588,-22,-8
589,6,0
590,-22,22
591,10,-10
592,18,14
593,2,0
594,46,2
595,-14,10
596,-2,14
597,-10,-10
598,-14,-10
599,18,-16
600,-18,-6
601,22,0
602,14,16
603,38,8
604,-18,-18
605,-22,12
606,-2,12
607,10,-10
608,-34,-8
609,-22,-4
610,6,8
611,-10,6
612,34,6
613,-26,-20
614,22,-6
615,10,-16
616,-10,2
617,-18,8
618,-10,-8
619,-22,10
620,-38,6
621,2,-8
622,2,-2
623,2,10
624,-6,-24
625,-34,-14
626,-6,-10
627,22,-6
628,-22,0
629,14,8
630,-6,-8
631,-2,14
632,-34,-4
633,2,16
634,6,0
635,6,6
636,30,-2
637,26,-10
638,-30,0
639,30,2
640,-14,-12
641,-18,10
642,2,6
643,-26,2
644,2,-2
645,2,-18
646,18,-6
647,-10,-2
648,-10,16
649,-14,4
650,-6,-10
651,-14,12
652,22,-8
653,10,4
654,2,2
655,10,20
656,34,-6
657,6,-4
658,-30,10
659,-26,-12
660,-2,-4
661,2,-12
662,-14,-4
663,2,-4
664,18,0
665,26,6
666,6,14
667,-26,22
668,42,14
669,-14,4
670,-6,12
671,10,8
672,-30,-10
673,2,-2
674,-6,-4
675,-18,8
676,26,8
677,10,22
678,10,8
679,14,8
680,-2,-18
681,-30,-4
682,42,-2
683,-14,-22
684,-6,0
685,-22,-12
686,-30,26
687,-18,8
688,-22,16
689,-14,-10
690,-6,10
691,10,4
692,-2,20
693,6,-10
694,-2,6
695,14,2
696,6,0
697,-26,6
698,22,4
699,-6,-14
700,22,4
701,-2,-16
702,-22,22
703,-10,2
704,14,-10
705,-22,16
706,6,12
707,6,12
708,22,16
709,2,-4
710,-10,-12
711,18,-6
712,18,0
713,2,0
714,-6,-4
715,34,12
716,62,-10
717,10,14
718,-46,-12
719,6,-10
720,2,8
721,22,-6
722,26,-6
723,2,-10
724,-14,-2
725,22,-2
726,2,-12
727,18,8
728,14,-4
729,-6,-6
730,14,-4
731,-18,20
732,-18,16
733,-10,-6
734,-10,-4
735,30,8
736,6,-8
737,-10,-6
738,-10,18
739,-26,20
740,14,6
741,34,-8
742,2,-6
743,-6,-30
744,-22,-10
745,-26,-6
746,-14,6
747,42,0
748,18,-16
749,-18,6
750,-26,12
751,-10,-12
752,-18,-6
753,-42,2
754,34,-4
755,-18,18
756,-14,2
757,2,-2
758,10,4
759,-14,6
760,38,0
761,6,16
762,14,4
763,-22,2
764,-18,2
765,-6,-18
766,6,14
767,-34,2
768,14,-18
769,-6,-8
770,-14,-16
771,2,-12
772,-2,-4
773,2,-2
774,-22,6
775,-18,2
776,-18,2
777,2,2
778,10,-8
779,-2,2
780,-6,16
781,18,0
782,6,-6
783,6,-12
784,-38,14
785,30,-12
786,-22,-6
787,18,-4
788,-2,2
789,6,-4
790,-6,18
791,2,-4
792,-18,8
793,10,2
794,-2,-14
795,22,4
796,-26,22
797,18,0
798,-26,12
799,38,0
800,-2,24
801,2,10
802,10,-4
803,-22,-18
804,-18,-4
805,-10,-16
806,-2,-2
807,-18,-20
808,18,-6
809,-2,-4
810,14,4
811,-10,10
812,14,-14
813,-6,24
814,14,-6
815,10,6
816,42,-4
817,46,2
818,22,-10
819,-10,12
820,-34,4
821,-22,26
822,-6,2
823,-2,-20
824,2,-2
825,26,-16
826,2,4
827,6,0
828,38,6
829,2,-4
830,-18,-12
831,2,10
832,-14,-6
833,-22,6
834,-14,12
835,34,-6
836,18,8
837,-6,20
838,-18,16
839,-30,2
840,6,16
841,6,4
842,18,10
843,-6,6
844,-14,6
845,30,8
846,-14,8
847,2,-14
848,-2,-8
849,2,-12
850,26,10
851,14,-2
852,-22,-2
853,2,2
854,-26,0
855,-6,-10
856,-18,0
857,-6,16
858,-18,8
859,-30,4
860,-22,12
861,2,4
862,-14,12
863,-22,-16
864,-2,20
865,14,8
866,10,-12
867,6,10
868,-18,-12
869,34,8
870,-14,6
871,2,6
872,-26,-10
873,42,-6
874,10,0
875,18,-16
876,26,-2
877,14,-4
878,2,2
879,18,-20
880,14,-10
881,-34,-20
882,-10,10
883,-66,4
884,-26,-10
885,-18,-8
886,38,16
887,-2,14
888,-10,0
889,-6,-14
890,22,16
891,-14,8
892,-6,-18
893,42,-14
894,14,-6
895,10,4
896,18,-12
897,-14,12
898,-18,-10
899,-14,16
900,10,14
901,-6,-2
902,-30,-26
903,-6,-2
904,-6,2
905,-14,-8
906,-14,-10
907,14,-2
908,-22,12
909,14,8
910,22,-18
911,22,-10
912,18,-4
913,6,-12
914,-22,6
915,-6,0
916,-26,-8
917,14,10
918,-6,-12
919,42,10
920,6,-6
921,38,4
922,34,6
923,14,-6
924,-10,-4
925,30,-8
926,-10,2
927,-22,2
928,-18,-6
929,-18,8
930,-14,-8
931,10,8
932,6,18
933,26,-6
934,22,4
935,-14,-28
936,18,-4
937,-10,-8
938,-14,-2
939,-18,-2
940,30,-2
941,10,16
942,14,10
943,-30,8
944,-34,6
945,-2,-2
946,-10,8
947,-14,6
948,18,-8
949,-2,2
950,14,-6
951,-2,2
952,18,0
953,-2,-10
954,2,18
955,-10,12
956,22,-6
957,-22,14
958,-18,-4
959,2,-16
960,-10,20
961,2,-14
962,22,4
963,-2,-10
964,10,-10
965,-22,-6
966,2,2
967,10,2
968,-6,-12
969,-6,-8
970,-6,-16
971,10,-10
972,-22,-26
973,10,-4
974,26,2
975,-2,-12
976,22,10
977,-22,-10
978,14,4
979,6,14
980,-14,-6
981,2,0
982,10,-12
983,-14,14
984,-6,-16
985,-2,-10
986,-2,12
987,2,-20
988,14,10
989,-14,8
990,-26,-8
991,-6,14
992,18,0
993,-26,-14
994,10,-4
995,-10,4
996,6,-12
997,6,4
998,22,-10
999,22,10
